ts,t_rel_s,power_w,energy_j_this_sec,energy_j_total,gpu_util_percent,mem_util_percent,mem_used_MiB,temp_c
1760413993.240967,0,21.327,0.000000,0.000000,7,9,1211,54
1760413994.240939,1,33.940,36.911000,36.911000,10,10,1493,55
1760413995.240941,2,34.529,44.896000,81.807000,8,9,2023,56
1760413996.240961,3,34.038,44.874000,126.681000,9,9,2429,56
1760413997.240994,4,33.684,44.662000,171.343000,6,8,2429,56
1760413998.240940,5,34.128,36.954000,208.297000,6,8,2429,56
1760413999.240983,6,34.286,37.204000,245.501000,7,8,2429,57
1760414000.240988,7,34.379,37.167000,282.668000,7,8,2429,57
1760414001.240959,8,34.214,36.973000,319.641000,6,8,2429,57
1760414002.240984,9,34.067,36.868000,356.509000,6,8,2429,57
1760414003.240988,10,33.756,36.650000,393.159000,6,8,2429,57
1760414004.240975,11,33.527,36.495000,429.654000,7,8,2429,57
1760414005.240959,12,33.828,36.714000,466.368000,7,9,2429,58
1760414006.240960,13,33.990,36.713000,503.081000,7,9,2429,58
1760414007.240990,14,34.117,37.000000,540.081000,6,8,2429,58
1760414008.240939,15,34.137,37.041000,577.122000,6,8,2429,58
1760414009.241108,16,34.314,37.245000,614.367000,6,8,2429,58
1760414010.240990,17,34.337,37.287000,651.654000,6,8,2429,58
1760414011.240983,18,34.536,37.400000,689.054000,7,9,2429,58
1760414012.240937,19,34.676,37.506000,726.560000,6,9,2429,59
1760414013.240987,20,34.790,37.649000,764.209000,7,9,2429,59
1760414014.240950,21,34.724,37.654000,801.863000,7,9,2429,59
1760414015.240959,22,34.680,37.640000,839.503000,7,8,2429,59
1760414016.240962,23,34.850,37.959000,877.462000,7,9,2429,59
1760414017.240985,24,34.851,38.399000,915.861000,6,8,2429,59
1760414018.240940,25,34.739,38.511000,954.372000,6,8,2429,59
1760414019.240987,26,34.500,38.330000,992.702000,6,8,2429,59
1760414020.240988,27,34.346,37.989000,1030.691000,6,8,2429,60
1760414021.240989,28,34.342,38.231000,1068.922000,7,9,2429,60
1760414022.240987,29,34.484,38.529000,1107.451000,7,8,2429,60
1760414023.240965,30,34.626,38.897000,1146.348000,7,9,2429,60
1760414024.240942,31,34.639,39.019000,1185.367000,7,9,2429,60
1760414025.240940,32,34.674,39.169000,1224.536000,7,9,2429,60
1760414026.240991,33,34.734,39.278000,1263.814000,6,8,2429,61
1760414027.240988,34,34.662,39.588000,1303.402000,7,8,2429,61
1760414028.240989,35,34.767,39.867000,1343.269000,6,8,2429,61
1760414029.240988,36,34.849,40.238000,1383.507000,6,8,2429,61
1760414030.240987,37,34.975,40.463000,1423.970000,6,8,2429,61
1760414031.240996,38,35.072,40.632000,1464.602000,7,8,2429,61
1760414032.240987,39,35.386,41.191000,1505.793000,7,9,2429,61
1760414033.240960,40,35.927,41.759000,1547.552000,7,9,2429,61
1760414034.240984,41,35.980,41.972000,1589.524000,7,9,2429,62
1760414035.240939,42,35.695,42.004000,1631.528000,7,8,2429,62
1760414036.240988,43,35.350,41.671000,1673.199000,6,8,2429,62
1760414037.240941,44,35.416,42.132000,1715.331000,6,8,2429,61
1760414038.240986,45,35.297,42.026000,1757.357000,6,8,2429,61
1760414039.240990,46,35.508,42.468000,1799.825000,6,8,2429,61
1760414040.240988,47,35.658,42.694000,1842.519000,7,9,2429,61
1760414041.240985,48,35.754,43.016000,1885.535000,7,8,2429,61
1760414042.240997,49,35.575,42.995000,1928.530000,7,9,2429,61
1760414043.240948,50,35.440,42.879000,1971.409000,7,8,2429,61
1760414044.240987,51,35.597,43.266000,2014.675000,7,9,2429,61
1760414045.240989,52,35.561,43.431000,2058.106000,7,9,2429,61
1760414046.240989,53,35.333,43.439000,2101.545000,6,8,2429,61
1760414047.240986,54,35.289,43.494000,2145.039000,6,8,2429,61
1760414048.240989,55,35.401,43.827000,2188.866000,6,8,2429,60
1760414049.240987,56,35.153,47.289000,2236.155000,6,8,2429,60
1760414050.240949,57,35.040,35.200000,2271.355000,6,8,2429,60
1760414051.240987,58,34.988,35.279000,2306.634000,6,8,2429,60
1760414052.240960,59,34.834,35.138000,2341.772000,8,9,2429,60
1760414053.240983,60,34.857,35.301000,2377.073000,7,8,2429,60
1760414054.240986,61,35.132,35.697000,2412.770000,7,8,2429,60
1760414055.240959,62,34.985,35.562000,2448.332000,6,8,2429,60
1760414056.240950,63,34.818,35.518000,2483.850000,6,8,2429,60
1760414057.240989,64,34.745,35.790000,2519.640000,7,8,2429,60
1760414058.240986,65,34.669,35.712000,2555.352000,7,9,2429,59
1760414059.240987,66,34.633,35.972000,2591.324000,6,8,2429,59
1760414060.240986,67,34.686,36.411000,2627.735000,6,8,2429,59
1760414061.240941,68,34.875,36.699000,2664.434000,6,8,2429,59
1760414062.240987,69,34.810,36.798000,2701.232000,7,8,2429,59
1760414063.240986,70,35.018,37.056000,2738.288000,6,8,2429,59
1760414064.240983,71,35.040,37.303000,2775.591000,6,8,2429,59
1760414065.240988,72,35.112,38.039000,2813.630000,6,8,2429,59
1760414066.240985,73,34.996,37.871000,2851.501000,5,7,2429,59
1760414067.240951,74,34.810,37.725000,2889.226000,7,9,2429,59
1760414068.240984,75,34.825,37.686000,2926.912000,8,9,2429,58
1760414069.240987,76,34.842,37.869000,2964.781000,8,9,2429,58
1760414070.240928,77,34.843,37.694000,3002.475000,7,8,2429,58
1760414071.240988,78,34.712,37.631000,3040.106000,7,8,2429,58
1760414072.240988,79,34.671,37.477000,3077.583000,7,8,2429,58
1760414073.240938,80,34.607,37.183000,3114.766000,8,9,2429,58
1760414074.240988,81,34.583,37.471000,3152.237000,7,9,2429,58
1760414075.240988,82,34.639,37.675000,3189.912000,6,9,2429,58
1760414076.240987,83,34.707,37.612000,3227.524000,6,8,2429,58
1760414077.240987,84,34.564,37.395000,3264.919000,6,8,2539,58
1760414078.240987,85,34.688,37.754000,3302.673000,7,8,2133,58
1760414079.240987,86,34.762,37.438000,3340.111000,7,8,1617,58
1760414080.240946,87,34.420,37.054000,3377.165000,7,8,1642,58
1760414081.240947,88,35.392,38.295000,3415.460000,6,8,2429,58
1760414082.240988,89,34.046,37.159000,3452.619000,7,9,2429,58
1760414083.240996,90,34.276,34.917000,3487.536000,7,8,2429,58
1760414084.240988,91,34.294,35.032000,3522.568000,7,9,2429,58
1760414085.240959,92,34.385,35.444000,3558.012000,7,8,2429,58
1760414086.240988,93,34.414,35.671000,3593.683000,6,8,2429,58
1760414087.240993,94,34.160,35.659000,3629.342000,6,8,2429,57
1760414088.240988,95,33.859,35.616000,3664.958000,7,9,2429,57
1760414089.240942,96,33.630,35.502000,3700.460000,7,8,2429,57
1760414090.240938,97,33.730,35.472000,3735.932000,7,9,2429,57
1760414091.240987,98,33.832,35.640000,3771.572000,7,8,2429,57
1760414092.240988,99,33.675,35.552000,3807.124000,7,8,2429,57
1760414093.240992,100,33.442,35.521000,3842.645000,6,8,2429,57
1760414094.240940,101,33.734,36.265000,3878.910000,6,8,2429,57
1760414095.240988,102,33.712,36.230000,3915.140000,6,8,2429,57
1760414096.240988,103,33.887,36.607000,3951.747000,6,8,2429,57
1760414097.240959,104,33.895,36.834000,3988.581000,6,8,2429,57
1760414098.240959,105,33.967,37.066000,4025.647000,6,8,2429,57
1760414099.240990,106,33.925,37.036000,4062.683000,7,8,2429,57
1760414100.240961,107,34.058,37.488000,4100.171000,6,8,2429,57
1760414101.240992,108,34.157,37.807000,4137.978000,6,8,2429,56
1760414102.240988,109,33.978,37.687000,4175.665000,7,8,2429,56
1760414103.240991,110,34.236,38.166000,4213.831000,7,9,2429,56
1760414104.240987,111,34.089,38.190000,4252.021000,6,8,2429,56
1760414105.240990,112,33.726,37.883000,4289.904000,7,8,2429,56
1760414106.240994,113,33.566,37.905000,4327.809000,7,9,2429,56
1760414107.240990,114,33.503,37.971000,4365.780000,7,9,2429,56
1760414108.240938,115,33.714,38.813000,4404.593000,6,8,2429,56
1760414109.240985,116,33.737,38.544000,4443.137000,7,8,2429,56
1760414110.240988,117,33.755,38.815000,4481.952000,7,9,2429,56
1760414111.240952,118,33.542,38.686000,4520.638000,6,8,2429,56
1760414112.240997,119,33.570,39.113000,4559.751000,7,8,2429,56
1760414113.240988,120,33.623,39.105000,4598.856000,6,8,2429,56
1760414114.240987,121,33.648,39.374000,4638.230000,6,8,2429,56
1760414115.240942,122,33.439,39.445000,4677.675000,6,8,2429,56
1760414116.240991,123,33.213,39.081000,4716.756000,7,8,2429,56
1760414117.240986,124,33.101,39.327000,4756.083000,8,9,2429,56
1760414118.240984,125,33.020,39.339000,4795.422000,6,8,2429,56
1760414119.240941,126,33.225,39.939000,4835.361000,6,8,2539,56
1760414120.240941,127,33.621,40.657000,4876.018000,7,8,2133,56
1760414121.240984,128,33.245,39.878000,4915.896000,8,8,1617,56
1760414122.240945,129,33.636,41.033000,4956.929000,7,9,1912,56
1760414123.240987,130,34.062,41.182000,4998.111000,7,8,2429,56
1760414124.240989,131,33.428,41.054000,5039.165000,7,9,2429,56
1760414125.240951,132,34.170,41.739000,5080.904000,7,8,2429,56
1760414126.240986,133,33.956,41.515000,5122.419000,6,8,2429,56
1760414127.240987,134,33.937,41.675000,5164.094000,6,8,2429,56
1760414128.240988,135,33.828,41.392000,5205.486000,6,8,2429,56
1760414129.240987,136,33.759,41.990000,5247.476000,7,8,2429,56
1760414130.240960,137,33.820,41.963000,5289.439000,7,9,2429,56
1760414131.240991,138,33.541,36.130000,5325.569000,7,8,2429,55
1760414132.240942,139,33.507,36.275000,5361.844000,6,8,2429,55
1760414133.240986,140,33.482,36.206000,5398.050000,7,8,2429,55
1760414134.240990,141,33.391,36.203000,5434.253000,6,8,2429,55
1760414135.240942,142,33.668,36.376000,5470.629000,6,8,2429,55
1760414136.240937,143,33.626,36.354000,5506.983000,7,9,2429,55
1760414137.240992,144,33.557,36.408000,5543.391000,7,9,2429,55
1760414138.241032,145,33.541,36.423000,5579.814000,7,9,2429,55
1760414139.240942,146,33.537,36.183000,5615.997000,7,9,2429,55
1760414140.240983,147,33.739,36.452000,5652.449000,7,8,2429,55
1760414141.240949,148,33.677,36.481000,5688.930000,7,8,2429,55
1760414142.240986,149,33.463,36.300000,5725.230000,6,8,2429,55
1760414143.240989,150,33.609,36.340000,5761.570000,7,8,2429,55
1760414144.240986,151,33.525,36.236000,5797.806000,6,8,2429,55
1760414145.240987,152,33.505,36.191000,5833.997000,7,8,2429,55
1760414146.240986,153,33.565,36.286000,5870.283000,7,8,2429,55
1760414147.240982,154,33.678,36.700000,5906.983000,7,8,2429,55
1760414148.240987,155,33.421,36.699000,5943.682000,7,8,2429,55
1760414149.241006,156,33.489,36.829000,5980.511000,8,8,2429,55
1760414150.240986,157,33.389,37.091000,6017.602000,6,8,2429,55
1760414151.240989,158,33.515,37.283000,6054.885000,7,8,2429,55
1760414152.240985,159,33.474,37.266000,6092.151000,6,8,2429,55
1760414153.240957,160,33.108,36.808000,6128.959000,7,8,2429,55
1760414154.240989,161,33.231,37.115000,6166.074000,7,9,2429,54
1760414155.240988,162,33.411,37.609000,6203.683000,6,8,2429,55
1760414156.240937,163,33.542,37.861000,6241.544000,7,8,2429,55
1760414157.240986,164,33.570,38.052000,6279.596000,6,8,2429,55
1760414158.240939,165,33.490,38.103000,6317.699000,7,8,2429,54
1760414159.240988,166,33.610,38.371000,6356.070000,7,9,2429,54
1760414160.240987,167,33.441,38.492000,6394.562000,6,8,2429,55
1760414161.240983,168,33.851,39.088000,6433.650000,6,8,2429,54
1760414162.240999,169,33.864,39.293000,6472.943000,7,9,2429,55
1760414163.240967,170,33.905,39.230000,6512.173000,6,7,2429,55
1760414164.240959,171,33.570,39.232000,6551.405000,7,8,2429,54
1760414165.240949,172,33.657,39.315000,6590.720000,7,8,2429,54
1760414166.240960,173,33.654,39.459000,6630.179000,6,8,2429,54
1760414167.240983,174,33.560,39.561000,6669.740000,7,8,2429,54
1760414168.240949,175,33.551,40.064000,6709.804000,6,8,2429,54
1760414169.240960,176,33.676,40.181000,6749.985000,6,8,2429,54
1760414170.240941,177,33.707,40.169000,6790.154000,7,8,2429,54
1760414171.240951,178,33.311,40.071000,6830.225000,6,8,2429,54
1760414172.240975,179,33.538,40.598000,6870.823000,6,8,2429,54
1760414173.240952,180,33.504,40.610000,6911.433000,7,8,2429,54
1760414174.241029,181,33.499,40.816000,6952.249000,6,8,2429,54
1760414175.240991,182,33.607,41.186000,6993.435000,7,9,2429,54
1760414176.240998,183,33.304,40.901000,7034.336000,6,8,2429,54
1760414177.240988,184,33.202,41.041000,7075.377000,6,8,2429,54
