ts,t_rel_s,power_w,energy_j_this_sec,energy_j_total,gpu_util_percent,mem_util_percent,mem_used_MiB,temp_c
1760869359.511710,0,21.110,0.000000,0.000000,0,0,1412,49
1760869360.511684,1,28.455,31.239000,31.239000,13,11,1980,50
1760869361.511695,2,28.387,31.180000,62.419000,7,7,2548,50
1760869362.511794,3,28.031,30.367000,92.786000,5,6,2548,50
1760869363.511905,4,27.708,30.414000,123.200000,5,6,2548,50
1760869364.511697,5,27.707,30.603000,153.803000,6,6,2542,50
1760869365.511979,6,27.708,30.480000,184.283000,7,7,2542,51
1760869366.511707,7,27.741,30.502000,214.785000,7,7,2542,51
1760869367.511678,8,27.808,30.615000,245.400000,7,7,2542,51
1760869368.511943,9,27.842,30.498000,275.898000,7,7,2542,51
1760869369.511705,10,27.800,30.990000,306.888000,6,7,2542,52
1760869370.511703,11,27.928,31.056000,337.944000,6,7,2542,52
1760869371.511683,12,27.958,31.234000,369.178000,7,7,2542,52
1760869372.511699,13,27.953,31.516000,400.694000,6,7,2542,52
1760869373.511703,14,27.870,31.560000,432.254000,6,7,2542,52
1760869374.512080,15,27.916,31.790000,464.044000,6,7,2542,52
1760869375.511703,16,27.997,32.143000,496.187000,6,7,2542,52
1760869376.511718,17,28.002,32.070000,528.257000,6,7,2542,52
1760869377.511724,18,28.011,32.253000,560.510000,7,7,2542,52
1760869378.511706,19,28.114,32.502000,593.012000,7,7,2542,52
1760869379.511873,20,28.078,32.639000,625.651000,7,7,2542,53
1760869380.511886,21,28.023,32.907000,658.558000,7,7,2542,53
1760869381.511703,22,28.020,33.146000,691.704000,6,6,2542,53
1760869382.511683,23,28.082,33.298000,725.002000,5,6,2550,53
1760869383.511708,24,28.158,33.419000,758.421000,5,6,2550,53
1760869384.511680,25,28.085,33.627000,792.048000,6,7,2550,53
1760869385.511680,26,28.121,33.830000,825.878000,7,7,2550,53
1760869386.511698,27,28.161,34.073000,859.951000,7,7,2550,53
1760869387.511679,28,28.179,34.242000,894.193000,7,7,2542,53
1760869388.511703,29,28.176,34.386000,928.579000,7,7,2542,54
1760869389.511703,30,28.202,34.757000,963.336000,6,6,2542,54
1760869390.511702,31,28.266,35.069000,998.405000,7,7,2542,54
1760869391.511686,32,28.268,35.216000,1033.621000,7,7,2542,54
1760869392.511712,33,28.221,35.286000,1068.907000,6,6,2542,54
1760869393.511682,34,28.178,35.537000,1104.444000,6,7,2542,54
1760869394.511704,35,28.182,35.632000,1140.076000,6,6,2542,54
1760869395.511905,36,28.210,35.866000,1175.942000,5,6,2542,54
1760869396.511772,37,28.277,36.240000,1212.182000,7,7,2542,54
1760869397.511697,38,28.312,36.312000,1248.494000,7,7,2542,54
1760869398.511780,39,28.401,36.589000,1285.083000,7,7,2542,54
1760869399.511697,40,28.302,36.734000,1321.817000,7,7,2542,54
1760869400.511700,41,28.339,36.849000,1358.666000,6,7,2542,54
1760869401.511680,42,28.280,37.075000,1395.741000,6,7,2542,55
1760869402.512106,43,28.329,37.233000,1432.974000,7,7,2542,54
1760869403.511796,44,28.293,37.786000,1470.760000,7,7,2542,54
1760869404.511683,45,28.260,37.700000,1508.460000,6,7,2542,55
1760869405.511722,46,28.338,37.796000,1546.256000,6,6,2542,55
1760869406.511679,47,28.346,38.114000,1584.370000,6,6,2542,55
1760869407.511794,48,28.323,38.197000,1622.567000,6,6,2542,55
1760869408.511798,49,28.387,38.524000,1661.091000,7,7,2542,55
1760869409.511703,50,28.422,38.825000,1699.916000,7,7,2542,55
1760869410.511700,51,28.497,39.106000,1739.022000,7,7,2542,55
1760869411.511679,52,28.457,39.054000,1778.076000,7,7,2542,55
1760869412.511684,53,28.390,39.249000,1817.325000,6,7,2542,55
1760869413.512060,54,28.400,39.397000,1856.722000,6,7,2542,55
1760869414.511704,55,28.435,31.254000,1887.976000,7,7,2542,55
1760869415.511721,56,28.457,31.124000,1919.100000,6,7,2542,55
1760869416.511702,57,28.441,31.185000,1950.285000,6,7,2542,55
1760869417.511696,58,28.419,31.206000,1981.491000,6,6,2542,55
1760869418.511705,59,28.460,31.273000,2012.764000,5,6,2542,55
1760869419.511725,60,28.415,31.175000,2043.939000,6,7,2542,55
1760869420.511705,61,28.439,31.241000,2075.180000,7,7,2542,55
1760869421.511683,62,28.560,31.425000,2106.605000,7,7,2542,55
1760869422.511725,63,28.559,31.260000,2137.865000,7,7,2542,55
1760869423.511679,64,28.473,31.082000,2168.947000,7,7,2542,55
1760869424.511703,65,28.457,31.176000,2200.123000,6,7,2542,55
1760869425.511699,66,28.513,31.228000,2231.351000,7,7,2542,55
1760869426.511682,67,28.536,31.194000,2262.545000,7,7,2542,55
1760869427.511708,68,28.495,31.269000,2293.814000,6,7,2542,56
1760869428.511696,69,28.420,31.253000,2325.067000,6,6,2542,55
1760869429.511702,70,28.450,31.593000,2356.660000,5,6,2542,55
1760869430.511703,71,28.476,31.745000,2388.405000,5,6,2542,55
1760869431.512001,72,28.499,31.975000,2420.380000,6,7,2542,55
1760869432.511707,73,28.490,32.172000,2452.552000,7,7,2542,55
1760869433.511703,74,28.519,32.137000,2484.689000,6,7,2542,55
1760869434.511804,75,28.480,32.349000,2517.038000,7,7,2542,56
1760869435.511798,76,28.535,32.433000,2549.471000,7,7,2542,56
1760869436.511723,77,28.546,32.687000,2582.158000,7,7,2542,55
1760869437.511785,78,28.559,32.809000,2614.967000,7,7,2542,56
1760869438.511785,79,28.552,32.990000,2647.957000,7,7,2542,56
1760869439.511678,80,28.504,33.280000,2681.237000,7,7,2542,56
1760869440.511702,81,28.463,33.225000,2714.462000,6,6,2542,56
1760869441.511694,82,28.359,33.143000,2747.605000,6,7,2542,55
1760869442.511780,83,27.437,32.639000,2780.244000,4,5,2542,56
1760869443.511788,84,26.611,31.966000,2812.210000,6,7,2542,55
1760869444.511711,85,26.840,32.160000,2844.370000,5,5,2542,55
1760869445.511781,86,26.741,32.840000,2877.210000,7,7,2542,56
1760869446.511678,87,26.802,33.000000,2910.210000,4,5,2542,55
1760869447.511711,88,26.618,32.963000,2943.173000,4,5,2542,55
1760869448.511699,89,26.439,32.676000,2975.849000,4,5,2542,55
1760869449.511678,90,26.215,32.758000,3008.607000,3,4,2542,55
1760869450.511949,91,26.256,33.023000,3041.630000,3,5,2652,55
1760869451.511701,92,26.266,33.192000,3074.822000,4,5,2652,55
1760869452.511693,93,26.066,33.048000,3107.870000,2,4,2652,55
1760869453.512111,94,26.360,33.702000,3141.572000,3,4,1974,55
1760869454.511680,95,26.734,34.987000,3176.559000,4,4,2652,56
1760869455.511680,96,27.238,34.324000,3210.883000,3,5,2652,55
1760869456.511680,97,26.700,34.561000,3245.444000,3,5,2762,56
1760869457.511773,98,27.174,35.473000,3280.917000,11,8,1711,55
1760869458.511692,99,28.228,36.928000,3317.845000,11,8,1974,56
1760869459.511678,100,29.018,37.382000,3355.227000,6,6,2542,56
1760869460.511681,101,29.008,37.243000,3392.470000,7,6,2542,56
1760869461.511683,102,28.538,37.238000,3429.708000,6,6,2542,56
1760869462.511682,103,28.527,37.462000,3467.170000,7,7,2542,56
1760869463.511693,104,28.567,37.590000,3504.760000,7,7,2542,56
1760869464.511790,105,28.513,37.847000,3542.607000,7,7,2542,56
1760869465.511678,106,28.584,38.152000,3580.759000,7,7,2542,56
1760869466.511701,107,28.549,38.181000,3618.940000,6,6,2542,56
1760869467.511782,108,28.534,38.476000,3657.416000,6,6,2542,56
1760869468.511679,109,28.575,38.633000,3696.049000,7,7,2542,56
1760869469.511697,110,28.588,38.745000,3734.794000,7,7,2542,56
1760869470.511806,111,28.600,39.103000,3773.897000,7,7,2542,56
1760869471.511703,112,28.577,39.236000,3813.133000,6,6,2542,56
1760869472.511703,113,28.556,39.510000,3852.643000,6,7,2542,56
1760869473.511845,114,28.604,39.547000,3892.190000,6,7,2542,56
1760869474.511711,115,28.584,39.822000,3932.012000,7,7,2542,56
1760869475.511711,116,28.592,31.225000,3963.237000,7,7,2542,56
1760869476.511679,117,28.617,31.394000,3994.631000,7,7,2542,56
1760869477.511730,118,28.631,31.346000,4025.977000,6,6,2542,56
1760869478.511696,119,28.591,31.396000,4057.373000,6,6,2556,56
1760869479.511786,120,28.745,31.560000,4088.933000,6,7,2558,56
1760869480.511700,121,28.894,31.569000,4120.502000,7,7,2558,56
1760869481.511682,122,28.670,31.383000,4151.885000,7,7,2557,56
1760869482.512015,123,28.654,31.379000,4183.264000,6,6,2557,56
1760869483.511678,124,28.622,31.320000,4214.584000,5,6,2557,56
1760869484.511786,125,28.586,31.349000,4245.933000,7,7,2542,56
1760869485.511700,126,28.594,31.462000,4277.395000,6,6,2542,56
1760869486.511703,127,28.699,34.243000,4311.638000,7,7,2542,56
1760869487.511680,128,28.560,28.958000,4340.596000,7,6,2542,56
1760869488.511680,129,28.649,28.962000,4369.558000,6,6,2542,56
1760869489.511679,130,28.643,29.052000,4398.610000,6,6,2540,56
1760869490.511779,131,28.732,29.095000,4427.705000,7,7,2540,56
1760869491.511695,132,28.663,29.092000,4456.797000,7,7,2540,56
1760869492.511683,133,28.669,29.363000,4486.160000,7,7,2540,56
1760869493.511786,134,28.674,29.778000,4515.938000,8,7,2540,56
1760869494.511711,135,28.636,30.046000,4545.984000,6,6,2540,56
1760869495.511712,136,28.632,30.010000,4575.994000,6,7,2540,56
1760869496.511721,137,28.702,30.299000,4606.293000,6,7,2540,56
1760869497.511682,138,28.709,30.519000,4636.812000,7,7,2540,56
1760869498.511701,139,28.713,30.470000,4667.282000,7,7,2540,56
1760869499.511705,140,28.638,30.557000,4697.839000,6,6,2540,56
1760869500.511700,141,28.707,31.139000,4728.978000,6,6,2540,56
1760869501.512073,142,28.695,28.927000,4757.905000,6,6,2540,56
1760869502.511699,143,28.723,29.163000,4787.068000,7,7,2540,56
1760869503.511797,144,28.659,29.248000,4816.316000,7,7,2540,56
1760869504.511713,145,28.698,29.471000,4845.787000,7,7,2540,56
1760869505.511700,146,28.675,29.620000,4875.407000,6,6,2540,56
1760869506.511720,147,28.686,29.792000,4905.199000,6,6,2540,56
1760869507.511696,148,28.625,30.017000,4935.216000,7,7,2540,56
1760869508.511702,149,28.665,30.163000,4965.379000,7,7,2540,56
1760869509.511794,150,28.660,30.503000,4995.882000,7,7,2540,56
1760869510.511703,151,28.649,30.680000,5026.562000,6,6,2540,56
1760869511.511679,152,28.643,30.898000,5057.460000,6,7,2540,56
1760869512.511715,153,28.709,30.940000,5088.400000,6,7,2540,56
1760869513.511702,154,28.728,31.104000,5119.504000,7,7,2540,56
1760869514.511696,155,28.656,31.315000,5150.819000,7,7,2540,56
1760869515.511706,156,28.674,31.536000,5182.355000,7,7,2540,56
1760869516.511876,157,28.700,31.890000,5214.245000,7,7,2540,56
1760869517.511698,158,28.711,32.018000,5246.263000,6,7,2540,56
1760869518.511712,159,28.641,31.989000,5278.252000,6,7,2540,56
1760869519.511701,160,28.616,32.279000,5310.531000,7,7,2540,56
1760869520.511700,161,28.647,32.450000,5342.981000,7,7,2540,56
1760869521.511698,162,28.653,32.758000,5375.739000,5,6,2540,57
1760869522.511682,163,28.621,32.766000,5408.505000,6,6,2540,56
1760869523.511699,164,28.682,33.004000,5441.509000,7,7,2540,56
1760869524.511787,165,28.712,33.230000,5474.739000,7,7,2540,56
1760869525.511679,166,28.653,33.403000,5508.142000,6,6,2540,56
1760869526.511702,167,28.693,33.534000,5541.676000,6,6,2540,56
1760869527.511724,168,28.732,33.747000,5575.423000,7,7,2540,56
1760869528.511704,169,28.719,34.121000,5609.544000,7,7,2540,56
1760869529.511711,170,28.695,34.212000,5643.756000,6,6,2540,56
1760869530.511706,171,28.644,34.250000,5678.006000,6,6,2540,56
1760869531.511719,172,28.726,34.601000,5712.607000,6,7,2540,56
1760869532.511694,173,28.708,34.814000,5747.421000,7,7,2540,56
1760869533.511782,174,28.768,35.016000,5782.437000,7,7,2540,56
1760869534.511701,175,28.637,34.914000,5817.351000,6,6,2540,56
1760869535.511702,176,28.725,31.395000,5848.746000,6,7,2540,56
1760869536.511699,177,28.329,30.771000,5879.517000,6,6,2540,56
1760869537.511703,178,27.521,30.226000,5909.743000,5,5,2540,56
1760869538.511706,179,27.670,31.575000,5941.318000,5,5,2540,56
1760869539.511695,180,28.041,31.208000,5972.526000,8,7,2540,57
1760869540.511724,181,29.043,32.683000,6005.209000,11,10,2540,56
1760869541.511702,182,27.571,31.543000,6036.752000,5,6,2540,56
1760869542.511703,183,27.551,31.661000,6068.413000,4,5,2540,56
1760869543.511685,184,27.638,31.664000,6100.077000,5,6,2540,56
