ts,t_rel_s,power_w,energy_j_this_sec,energy_j_total,gpu_util_percent,mem_util_percent,mem_used_MiB,temp_c
1760906038.661823,0,19.820,0.000000,0.000000,10,7,1197,47
1760906039.661921,1,25.432,33.871000,33.871000,10,7,1603,48
1760906040.662365,2,24.056,31.882000,65.753000,3,4,2009,48
1760906041.661799,3,23.990,32.367000,98.120000,3,4,2009,48
1760906042.661691,4,23.807,32.131000,130.251000,3,4,2009,48
1760906043.661775,5,23.728,32.149000,162.400000,2,3,2009,48
1760906044.662027,6,23.711,32.349000,194.749000,3,4,2009,48
1760906045.661847,7,23.701,32.755000,227.504000,3,4,2009,48
1760906046.661703,8,23.689,32.811000,260.315000,3,4,2003,48
1760906047.661895,9,23.739,32.928000,293.243000,3,4,2003,48
1760906048.661755,10,23.659,33.196000,326.439000,3,4,2003,49
1760906049.661803,11,23.708,33.389000,359.828000,3,4,2003,49
1760906050.661750,12,23.675,33.587000,393.415000,3,4,2003,49
1760906051.661789,13,23.718,33.700000,427.115000,3,4,2003,49
1760906052.661772,14,23.754,34.021000,461.136000,3,4,2003,49
1760906053.661655,15,23.716,34.044000,495.180000,3,3,2003,49
1760906054.661825,16,23.720,34.228000,529.408000,3,4,2003,49
1760906055.661747,17,23.700,34.441000,563.849000,3,4,2003,49
1760906056.661773,18,23.723,34.580000,598.429000,3,4,2003,49
1760906057.661966,19,23.713,34.808000,633.237000,3,4,2003,49
1760906058.661765,20,23.665,26.396000,659.633000,2,3,2003,49
1760906059.661842,21,23.755,26.491000,686.124000,3,3,2003,50
1760906060.661803,22,23.761,26.562000,712.686000,3,4,2003,50
1760906061.661950,23,23.711,26.490000,739.176000,2,4,2003,50
1760906062.661878,24,23.706,26.537000,765.713000,2,3,2003,50
1760906063.661853,25,23.733,26.533000,792.246000,3,4,2003,50
1760906064.661848,26,23.795,26.595000,818.841000,3,4,2003,50
1760906065.661818,27,23.721,26.470000,845.311000,3,4,2003,50
1760906066.661800,28,23.764,26.438000,871.749000,3,3,2003,50
1760906067.661788,29,23.788,26.617000,898.366000,3,4,2003,50
1760906068.661780,30,23.724,26.522000,924.888000,3,4,2003,50
1760906069.661674,31,23.829,26.619000,951.507000,3,4,2003,51
1760906070.661861,32,23.740,26.491000,977.998000,3,4,2003,50
1760906071.661787,33,23.851,26.547000,1004.545000,3,4,2003,51
1760906072.661754,34,23.796,26.652000,1031.197000,3,3,2003,51
1760906073.661797,35,23.787,26.940000,1058.137000,3,4,2003,51
1760906074.661786,36,23.780,27.177000,1085.314000,3,3,2003,51
1760906075.661796,37,23.800,27.481000,1112.795000,3,4,2003,51
1760906076.661799,38,23.743,29.906000,1142.701000,2,3,2003,51
1760906077.661768,39,23.744,23.918000,1166.619000,2,3,2003,51
1760906078.661845,40,23.820,23.969000,1190.588000,3,4,2003,51
1760906079.661762,41,23.892,24.090000,1214.678000,3,4,2003,51
1760906080.661676,42,23.799,24.051000,1238.729000,3,4,2003,51
1760906081.661763,43,23.847,24.243000,1262.972000,2,3,2003,51
1760906082.661849,44,23.855,24.536000,1287.508000,3,4,2003,51
1760906083.662012,45,23.786,24.707000,1312.215000,3,4,2003,51
1760906084.661792,46,23.860,24.971000,1337.186000,3,4,2003,51
1760906085.661861,47,23.816,25.143000,1362.329000,3,4,2003,51
1760906086.661679,48,23.845,25.508000,1387.837000,3,4,2003,51
1760906087.661780,49,23.826,25.722000,1413.559000,3,4,2003,51
1760906088.661804,50,23.877,26.015000,1439.574000,3,4,2003,51
1760906089.661802,51,23.875,25.992000,1465.566000,3,4,2003,52
1760906090.661655,52,23.849,26.243000,1491.809000,3,4,2003,52
1760906091.661805,53,23.930,26.387000,1518.196000,3,4,2003,52
1760906092.661755,54,23.828,24.309000,1542.505000,3,4,2003,52
1760906093.661771,55,23.931,24.485000,1566.990000,3,4,2003,52
1760906094.661868,56,23.890,24.687000,1591.677000,3,4,2003,52
1760906095.661800,57,23.860,25.070000,1616.747000,3,4,2003,52
1760906096.661789,58,23.912,25.184000,1641.931000,3,4,2003,52
1760906097.661765,59,23.847,25.239000,1667.170000,3,3,2003,52
1760906098.661793,60,23.863,25.526000,1692.696000,3,4,2003,52
1760906099.661809,61,23.892,25.853000,1718.549000,3,3,2003,52
1760906100.661844,62,23.889,25.860000,1744.409000,3,4,2003,52
1760906101.661904,63,23.906,26.182000,1770.591000,3,4,2003,52
1760906102.661776,64,23.813,26.256000,1796.847000,3,4,2003,52
1760906103.661832,65,23.837,26.355000,1823.202000,3,4,2003,52
1760906104.661813,66,23.893,26.583000,1849.785000,3,4,2003,52
1760906105.661961,67,23.860,26.886000,1876.671000,3,4,2003,52
1760906106.661831,68,23.869,27.264000,1903.935000,3,4,2003,52
1760906107.661660,69,23.816,27.180000,1931.115000,3,4,2003,52
1760906108.661760,70,23.878,27.321000,1958.436000,3,4,2003,52
1760906109.661857,71,23.842,27.662000,1986.098000,3,3,2003,52
1760906110.661693,72,23.903,27.844000,2013.942000,3,4,2003,52
1760906111.662100,73,23.879,27.938000,2041.880000,3,4,2003,52
1760906112.661766,74,23.864,28.442000,2070.322000,3,4,2003,52
1760906113.661776,75,24.111,29.156000,2099.478000,23,10,2038,52
1760906114.661812,76,25.129,29.272000,2128.750000,2,3,2038,52
1760906115.661764,77,23.995,29.078000,2157.828000,3,4,2038,52
1760906116.661689,78,24.175,29.225000,2187.053000,8,5,2038,52
1760906117.661688,79,25.125,30.817000,2217.870000,22,13,2125,52
1760906118.661654,80,29.844,36.001000,2253.871000,40,18,2137,53
1760906119.661677,81,26.089,29.312000,2283.183000,18,5,2135,53
1760906120.661678,82,26.289,31.426000,2314.609000,39,17,2134,53
1760906121.661748,83,29.004,31.330000,2345.939000,36,18,2136,53
1760906122.661658,84,30.715,35.170000,2381.109000,41,17,2194,54
1760906123.661692,85,30.786,36.262000,2417.371000,33,17,2198,54
1760906124.661867,86,29.097,33.527000,2450.898000,42,18,2246,54
1760906125.661699,87,30.774,36.754000,2487.652000,41,17,2245,54
1760906126.661875,88,28.109,33.667000,2521.319000,19,9,2250,54
1760906127.661696,89,26.850,31.380000,2552.699000,2,3,2253,54
1760906128.661692,90,25.467,28.109000,2580.808000,30,6,2246,54
1760906129.661759,91,25.838,30.264000,2611.072000,9,5,2192,54
1760906130.661686,92,25.446,31.580000,2642.652000,26,6,2192,54
1760906131.662010,93,25.084,29.551000,2672.203000,22,5,2191,54
1760906132.661758,94,26.866,32.699000,2704.902000,21,9,2182,54
1760906133.661754,95,26.905,33.067000,2737.969000,16,5,2169,54
1760906134.661691,96,26.073,30.744000,2768.713000,45,17,2167,54
1760906135.661655,97,30.866,33.630000,2802.343000,38,18,2174,55
1760906136.661767,98,28.707,32.168000,2834.511000,35,16,2171,55
1760906137.662082,99,25.494,31.115000,2865.626000,3,4,2165,54
1760906138.661702,100,25.787,30.136000,2895.762000,3,3,2153,54
1760906139.661762,101,25.975,32.769000,2928.531000,36,17,2139,55
1760906140.661804,102,28.539,34.248000,2962.779000,27,13,2128,55
1760906141.661654,103,27.487,33.627000,2996.406000,40,19,2128,55
1760906142.661776,104,27.379,30.281000,3026.687000,2,3,2128,55
1760906143.661849,105,24.233,30.256000,3056.943000,3,4,2128,54
1760906144.661750,106,28.772,35.712000,3092.655000,37,16,2158,55
1760906145.661758,107,30.776,35.448000,3128.103000,42,17,2155,55
1760906146.661774,108,26.183,31.378000,3159.481000,7,5,2152,55
1760906147.661658,109,28.733,35.329000,3194.810000,38,15,2157,56
1760906148.661678,110,31.017,36.652000,3231.462000,36,17,2158,56
1760906149.661999,111,27.464,31.239000,3262.701000,13,4,2155,55
1760906150.661680,112,25.547,32.701000,3295.402000,38,17,2155,55
1760906151.661803,113,28.987,35.107000,3330.509000,25,5,2151,55
1760906152.661935,114,30.328,37.524000,3368.033000,44,19,2148,56
1760906153.661758,115,27.564,33.389000,3401.422000,3,4,2138,55
1760906154.661702,116,25.495,32.405000,3433.827000,5,4,2099,55
1760906155.661691,117,24.239,31.297000,3465.124000,3,3,2097,55
1760906156.661685,118,25.626,32.650000,3497.774000,39,19,2168,55
1760906157.661685,119,31.510,38.824000,3536.598000,38,19,2164,55
1760906158.661935,120,25.696,32.082000,3568.680000,3,4,2164,55
1760906159.661656,121,24.252,32.294000,3600.974000,3,4,2164,54
1760906160.661765,122,24.316,32.256000,3633.230000,3,4,2164,54
1760906161.661693,123,24.176,32.389000,3665.619000,3,4,2161,54
1760906162.661792,124,24.247,32.741000,3698.360000,3,4,2115,54
1760906163.661817,125,24.230,31.744000,3730.104000,3,3,2115,54
1760906164.661955,126,24.200,33.110000,3763.214000,3,4,2115,54
1760906165.661705,127,24.194,33.446000,3796.660000,3,4,2115,54
1760906166.661702,128,24.118,33.263000,3829.923000,3,3,2115,54
1760906167.661800,129,24.146,33.493000,3863.416000,2,3,2115,54
1760906168.661758,130,24.168,33.823000,3897.239000,3,4,2116,54
1760906169.661772,131,24.231,34.036000,3931.275000,3,4,2116,53
1760906170.661852,132,24.159,32.935000,3964.210000,3,4,2115,53
1760906171.661986,133,24.165,34.423000,3998.633000,3,4,2115,53
1760906172.661966,134,24.087,34.627000,4033.260000,3,3,2115,53
1760906173.662099,135,24.075,34.814000,4068.074000,3,3,2115,53
1760906174.662249,136,24.128,35.122000,4103.196000,3,4,2115,53
1760906175.661763,137,24.127,26.823000,4130.019000,3,4,2115,53
1760906176.661814,138,24.075,35.160000,4165.179000,3,4,2115,53
1760906177.661793,139,24.091,26.793000,4191.972000,3,4,2115,53
1760906178.661852,140,24.131,26.774000,4218.746000,3,4,2115,53
1760906179.661897,141,24.088,26.840000,4245.586000,3,4,2115,53
1760906180.661797,142,24.080,26.764000,4272.350000,2,3,2115,53
1760906181.661763,143,24.029,26.772000,4299.122000,4,4,2115,53
1760906182.661929,144,24.107,26.879000,4326.001000,2,3,2115,53
1760906183.661807,145,24.136,26.876000,4352.877000,3,3,2116,53
1760906184.661820,146,24.110,26.756000,4379.633000,3,4,2115,53
1760906185.661903,147,24.105,26.857000,4406.490000,3,4,2115,53
1760906186.661992,148,24.090,26.808000,4433.298000,3,4,2115,53
1760906187.661793,149,24.015,26.759000,4460.057000,3,4,2115,53
1760906188.661698,150,24.031,26.778000,4486.835000,3,4,2115,53
1760906189.661799,151,24.090,26.865000,4513.700000,3,4,2115,53
1760906190.661848,152,24.114,27.050000,4540.750000,3,4,2115,53
1760906191.661757,153,24.008,27.152000,4567.902000,3,4,2115,53
1760906192.661759,154,24.043,27.234000,4595.136000,3,3,2115,53
1760906193.661789,155,24.037,27.465000,4622.601000,3,4,2115,53
1760906194.661751,156,24.033,27.641000,4650.242000,3,4,2115,53
1760906195.661779,157,24.078,27.670000,4677.912000,3,4,2115,53
1760906196.662002,158,24.101,27.988000,4705.900000,3,4,2115,53
1760906197.661951,159,24.154,28.363000,4734.263000,3,4,2115,53
1760906198.661849,160,24.112,28.292000,4762.555000,3,4,2115,53
1760906199.661985,161,24.226,28.736000,4791.291000,3,4,2115,53
1760906200.661785,162,24.271,29.216000,4820.507000,3,4,2115,53
1760906201.661763,163,24.304,29.200000,4849.707000,3,4,2115,53
1760906202.662006,164,24.255,29.497000,4879.204000,3,4,2115,53
1760906203.661855,165,24.247,29.629000,4908.833000,3,4,2115,53
1760906204.661759,166,24.314,30.086000,4938.919000,3,4,2115,53
1760906205.661995,167,24.302,30.149000,4969.068000,3,4,2115,53
1760906206.662023,168,24.271,30.206000,4999.274000,3,4,2115,53
1760906207.661854,169,24.311,30.454000,5029.728000,3,4,2115,53
1760906208.661687,170,24.229,30.382000,5060.110000,3,4,2225,53
1760906209.661762,171,24.229,30.672000,5090.782000,3,4,1709,53
1760906210.661967,172,24.147,30.473000,5121.255000,2,3,1819,53
1760906211.661757,173,22.033,28.646000,5149.901000,2,0,1194,52
1760906212.661758,174,22.549,30.635000,5180.536000,2,3,1311,53
1760906213.661747,175,24.137,31.274000,5211.810000,3,4,1960,53
1760906214.661703,176,24.524,31.572000,5243.382000,3,4,2122,53
1760906215.661758,177,24.062,31.487000,5274.869000,3,4,2122,53
1760906216.661795,178,24.071,31.791000,5306.660000,3,4,2122,53
1760906217.661761,179,24.136,32.002000,5338.662000,3,4,2122,53
1760906218.661714,180,26.641,34.831000,5373.493000,40,17,2123,53
1760906219.661783,181,27.421,35.293000,5408.786000,3,4,2115,53
1760906220.661792,182,24.095,32.565000,5441.351000,3,3,2115,53
1760906221.661798,183,24.055,32.771000,5474.122000,3,4,2115,53
1760906222.661691,184,24.118,32.924000,5507.046000,3,4,2115,53
