ts,t_rel_s,power_w,energy_j_this_sec,energy_j_total,gpu_util_percent,mem_util_percent,mem_used_MiB,temp_c
1760855574.330423,0,21.411,0.000000,0.000000,13,11,1374,49
1760855575.330424,1,28.509,34.908000,34.908000,7,7,1942,49
1760855576.330398,2,28.243,34.070000,68.978000,6,7,2510,50
1760855577.330399,3,27.642,33.735000,102.713000,6,7,2510,50
1760855578.330422,4,27.762,33.910000,136.623000,7,7,2510,50
1760855579.330397,5,27.741,34.084000,170.707000,6,7,2504,50
1760855580.330417,6,27.717,34.303000,205.010000,6,7,2504,50
1760855581.330399,7,27.777,34.607000,239.617000,6,7,2504,51
1760855582.330398,8,27.756,34.694000,274.311000,6,6,2504,51
1760855583.330396,9,27.802,34.991000,309.302000,7,7,2504,51
1760855584.330400,10,27.844,35.129000,344.431000,7,7,2504,51
1760855585.330398,11,27.951,35.470000,379.901000,7,7,2504,51
1760855586.330400,12,27.936,35.603000,415.504000,7,7,2504,52
1760855587.330404,13,27.865,35.784000,451.288000,6,6,2504,52
1760855588.330397,14,27.876,35.997000,487.285000,6,7,2504,52
1760855589.330397,15,27.946,36.235000,523.520000,5,6,2504,52
1760855590.330419,16,27.980,36.461000,559.981000,6,7,2504,52
1760855591.330399,17,28.012,36.737000,596.718000,7,7,2504,52
1760855592.330402,18,28.043,36.854000,633.572000,7,7,2504,52
1760855593.330420,19,28.137,37.147000,670.719000,7,7,2504,52
1760855594.330416,20,28.106,37.300000,708.019000,6,7,2504,53
1760855595.330417,21,28.085,37.480000,745.499000,6,6,2504,53
1760855596.330398,22,28.084,37.655000,783.154000,6,7,2504,53
1760855597.330397,23,28.094,37.795000,820.949000,6,7,2504,53
1760855598.330426,24,28.095,38.007000,858.956000,6,7,2504,53
1760855599.330399,25,28.091,38.292000,897.248000,7,7,2504,53
1760855600.330413,26,28.108,38.439000,935.687000,6,7,2504,53
1760855601.330418,27,28.154,38.746000,974.433000,7,7,2504,53
1760855602.330420,28,28.154,38.917000,1013.350000,7,7,2504,53
1760855603.330418,29,28.237,39.199000,1052.549000,7,7,2504,53
1760855604.330418,30,28.211,39.268000,1091.817000,7,7,2504,54
1760855605.330437,31,28.316,31.124000,1122.941000,7,7,2504,54
1760855606.330405,32,28.261,30.933000,1153.874000,7,7,2504,54
1760855607.330414,33,28.172,30.893000,1184.767000,6,6,2504,54
1760855608.330408,34,28.188,30.978000,1215.745000,5,6,2504,54
1760855609.330418,35,28.193,30.934000,1246.679000,5,6,2504,54
1760855610.330415,36,28.235,31.074000,1277.753000,6,7,2504,54
1760855611.330518,37,28.293,31.018000,1308.771000,7,7,2504,54
1760855612.330421,38,28.243,31.037000,1339.808000,7,7,2504,54
1760855613.330418,39,28.335,30.995000,1370.803000,7,7,2504,54
1760855614.330414,40,28.321,31.086000,1401.889000,7,7,2504,54
1760855615.330400,41,28.306,30.927000,1432.816000,7,6,2504,54
1760855616.330419,42,28.293,31.096000,1463.912000,7,7,2504,54
1760855617.330445,43,28.316,31.023000,1494.935000,7,7,2504,54
1760855618.330419,44,28.351,30.968000,1525.903000,6,7,2504,55
1760855619.330420,45,28.282,31.153000,1557.056000,6,7,2504,55
1760855620.330427,46,28.306,31.461000,1588.517000,5,6,2504,55
1760855621.330396,47,28.304,31.707000,1620.224000,5,6,2504,55
1760855622.330397,48,28.311,32.138000,1652.362000,6,7,2504,55
1760855623.330553,49,28.367,32.049000,1684.411000,8,7,2504,55
1760855624.330420,50,28.427,32.405000,1716.816000,8,7,2504,55
1760855625.330420,51,28.423,32.503000,1749.319000,7,7,2504,55
1760855626.330401,52,28.362,32.596000,1781.915000,7,7,2504,55
1760855627.330412,53,28.318,32.583000,1814.498000,6,7,2504,55
1760855628.330399,54,28.384,33.118000,1847.616000,7,7,2504,55
1760855629.330413,55,28.475,33.202000,1880.818000,7,7,2504,55
1760855630.330499,56,28.433,33.169000,1913.987000,6,6,2504,55
1760855631.330437,57,28.317,33.384000,1947.371000,6,6,2504,55
1760855632.330441,58,28.378,33.555000,1980.926000,5,6,2504,55
1760855633.330540,59,28.411,33.797000,2014.723000,6,6,2504,55
1760855634.330400,60,28.492,34.122000,2048.845000,7,7,2504,55
1760855635.330396,61,28.463,34.107000,2082.952000,7,7,2504,55
1760855636.330495,62,28.496,34.312000,2117.264000,7,7,2504,55
1760855637.330400,63,28.429,34.484000,2151.748000,7,7,2504,55
1760855638.330426,64,28.483,34.691000,2186.439000,7,7,2504,55
1760855639.330398,65,28.481,34.818000,2221.257000,7,7,2504,55
1760855640.330400,66,28.528,35.095000,2256.352000,7,7,2504,55
1760855641.330418,67,28.485,35.282000,2291.634000,7,7,2504,55
1760855642.330758,68,28.435,35.467000,2327.101000,6,6,2504,55
1760855643.330420,69,28.467,36.043000,2363.144000,5,6,2504,55
1760855644.330503,70,28.538,36.034000,2399.178000,6,6,2504,55
1760855645.330413,71,28.488,36.213000,2435.391000,6,7,2504,55
1760855646.330428,72,28.479,36.317000,2471.708000,7,7,2504,55
1760855647.330398,73,28.443,36.448000,2508.156000,7,7,2504,55
1760855648.330422,74,28.524,36.690000,2544.846000,6,7,2504,55
1760855649.330412,75,28.511,36.924000,2581.770000,7,7,2504,55
1760855650.330405,76,28.518,37.052000,2618.822000,7,7,2504,55
1760855651.330429,77,28.553,37.212000,2656.034000,7,7,2504,55
1760855652.330398,78,28.570,37.385000,2693.419000,7,7,2504,55
1760855653.330400,79,28.569,37.570000,2730.989000,7,7,2504,55
1760855654.330420,80,28.498,37.665000,2768.654000,6,6,2504,55
1760855655.330417,81,28.454,38.090000,2806.744000,6,6,2504,56
1760855656.330401,82,28.166,38.083000,2844.827000,4,5,2504,55
1760855657.330397,83,27.184,37.252000,2882.079000,6,7,2504,55
1760855658.330389,84,26.658,36.803000,2918.882000,5,6,2504,55
1760855659.330415,85,27.218,37.345000,2956.227000,5,6,2504,55
1760855660.330399,86,26.261,36.882000,2993.109000,4,5,2504,55
1760855661.330419,87,26.692,37.208000,3030.317000,4,5,2504,55
1760855662.330500,88,26.650,37.546000,3067.863000,4,5,2504,55
1760855663.330519,89,26.279,37.335000,3105.198000,4,5,2504,55
1760855664.330439,90,26.301,37.500000,3142.698000,3,5,2504,55
1760855665.330511,91,26.381,29.213000,3171.911000,3,5,2614,55
1760855666.330534,92,26.127,28.935000,3200.846000,3,5,2614,55
1760855667.330400,93,26.062,28.842000,3229.688000,4,5,2614,55
1760855668.330400,94,26.360,29.077000,3258.765000,8,6,1936,55
1760855669.330441,95,26.385,29.040000,3287.805000,6,6,2046,55
1760855670.330415,96,26.117,28.746000,3316.551000,6,6,2273,55
1760855671.330442,97,27.519,30.306000,3346.857000,4,5,2046,55
1760855672.330401,98,28.536,31.530000,3378.387000,9,8,1936,56
1760855673.330413,99,28.920,31.571000,3409.958000,10,8,2504,56
1760855674.330413,100,28.977,31.602000,3441.560000,6,7,2504,56
1760855675.330400,101,28.559,31.311000,3472.871000,7,7,2504,56
1760855676.330404,102,28.505,31.269000,3504.140000,6,7,2504,56
1760855677.330404,103,28.570,31.326000,3535.466000,7,7,2504,56
1760855678.330420,104,28.542,31.335000,3566.801000,6,6,2504,56
1760855679.330501,105,28.590,31.562000,3598.363000,6,7,2504,56
1760855680.330397,106,28.592,31.759000,3630.122000,7,7,2504,56
1760855681.330396,107,28.571,31.975000,3662.097000,7,7,2504,56
1760855682.330420,108,28.547,32.196000,3694.293000,7,7,2504,56
1760855683.330431,109,28.607,32.240000,3726.533000,7,7,2504,56
1760855684.330403,110,28.574,32.289000,3758.822000,7,7,2504,56
1760855685.330419,111,28.561,32.445000,3791.267000,7,7,2504,56
1760855686.330398,112,28.601,32.631000,3823.898000,7,7,2504,56
1760855687.330415,113,28.564,32.756000,3856.654000,7,7,2504,56
1760855688.330413,114,28.531,32.936000,3889.590000,6,6,2504,56
1760855689.330508,115,28.571,33.218000,3922.808000,6,6,2504,56
1760855690.330413,116,28.587,33.476000,3956.284000,6,7,2504,56
1760855691.330421,117,28.573,33.584000,3989.868000,7,7,2504,56
1760855692.330425,118,28.481,33.683000,4023.551000,7,7,2504,56
1760855693.330419,119,28.547,33.926000,4057.477000,7,7,2504,56
1760855694.330444,120,28.585,34.145000,4091.622000,7,7,2504,56
1760855695.330402,121,28.541,34.344000,4125.966000,6,6,2504,56
1760855696.330397,122,28.518,34.574000,4160.540000,7,7,2504,56
1760855697.330507,123,28.519,34.643000,4195.183000,7,7,2504,56
1760855698.330397,124,28.561,34.924000,4230.107000,7,7,2504,56
1760855699.330417,125,28.510,34.956000,4265.063000,6,7,2504,56
1760855700.330421,126,28.518,35.290000,4300.353000,6,7,2504,56
1760855701.330426,127,28.529,35.483000,4335.836000,7,7,2504,56
1760855702.330748,128,28.533,35.657000,4371.493000,6,6,2504,56
1760855703.330401,129,28.587,36.242000,4407.735000,7,7,2504,56
1760855704.330411,130,28.548,35.983000,4443.718000,6,7,2504,56
1760855705.330399,131,28.504,36.172000,4479.890000,6,7,2504,56
1760855706.330399,132,28.537,36.370000,4516.260000,6,6,2504,56
1760855707.330411,133,28.537,36.549000,4552.809000,7,7,2504,56
1760855708.330444,134,28.608,36.791000,4589.600000,7,7,2504,56
1760855709.330407,135,28.571,36.929000,4626.529000,7,7,2504,56
1760855710.330415,136,28.641,37.266000,4663.795000,7,7,2504,56
1760855711.330405,137,28.581,37.355000,4701.150000,6,6,2504,56
1760855712.330417,138,28.546,37.550000,4738.700000,7,7,2504,56
1760855713.330403,139,28.629,37.844000,4776.544000,7,7,2504,56
1760855714.330424,140,28.648,37.950000,4814.494000,7,7,2504,56
1760855715.330422,141,28.567,38.065000,4852.559000,6,7,2504,56
1760855716.330484,142,28.569,38.437000,4890.996000,6,6,2504,56
1760855717.330399,143,28.503,38.462000,4929.458000,6,6,2504,56
1760855718.330404,144,28.594,38.721000,4968.179000,6,7,2504,56
1760855719.330413,145,28.521,38.833000,5007.012000,7,7,2504,56
1760855720.330426,146,28.576,39.011000,5046.023000,6,7,2504,56
1760855721.330401,147,28.552,39.259000,5085.282000,7,7,2504,56
1760855722.330430,148,28.559,39.307000,5124.589000,7,7,2504,56
1760855723.330510,149,28.552,39.579000,5164.168000,6,7,2504,56
1760855724.330417,150,28.655,31.299000,5195.467000,7,7,2504,56
1760855725.330414,151,28.619,31.340000,5226.807000,7,7,2504,56
1760855726.330414,152,28.631,31.390000,5258.197000,7,7,2504,56
1760855727.330770,153,28.523,31.200000,5289.397000,6,7,2504,56
1760855728.330401,154,28.580,31.266000,5320.663000,6,6,2504,56
1760855729.330421,155,28.576,31.268000,5351.931000,6,7,2504,56
1760855730.330400,156,28.572,31.345000,5383.276000,6,7,2504,56
1760855731.330397,157,28.545,31.326000,5414.602000,6,7,2504,56
1760855732.330415,158,28.582,31.294000,5445.896000,6,7,2504,56
1760855733.330420,159,28.590,31.479000,5477.375000,7,7,2504,56
1760855734.330401,160,28.580,31.358000,5508.733000,6,7,2504,56
1760855735.330420,161,28.572,31.303000,5540.036000,7,7,2504,56
1760855736.330792,162,28.620,31.260000,5571.296000,7,7,2504,56
1760855737.330400,163,28.571,31.542000,5602.838000,7,7,2504,56
1760855738.330413,164,28.615,31.462000,5634.300000,7,7,2504,56
1760855739.330438,165,28.555,31.627000,5665.927000,7,7,2504,56
1760855740.330420,166,28.572,31.755000,5697.682000,6,7,2504,56
1760855741.330411,167,28.724,32.187000,5729.869000,7,7,2504,56
1760855742.330397,168,28.641,32.231000,5762.100000,7,7,2504,56
1760855743.330420,169,28.551,32.159000,5794.259000,6,6,2504,56
1760855744.330401,170,28.542,32.479000,5826.738000,6,6,2504,56
1760855745.330413,171,28.622,32.576000,5859.314000,7,7,2504,56
1760855746.330414,172,28.634,32.795000,5892.109000,7,7,2504,56
1760855747.330397,173,28.618,32.874000,5924.983000,7,7,2504,56
1760855748.330374,174,28.595,33.097000,5958.080000,7,7,2504,56
1760855749.330440,175,28.624,33.296000,5991.376000,6,7,2504,56
1760855750.330502,176,28.588,33.547000,6024.923000,6,7,2504,56
1760855751.330507,177,28.631,33.780000,6058.703000,7,7,2504,56
1760855752.330397,178,28.590,33.926000,6092.629000,7,7,2504,56
1760855753.330414,179,27.971,33.391000,6126.020000,6,6,2504,56
1760855754.330401,180,28.366,34.019000,6160.039000,11,10,2504,56
1760855755.330427,181,28.775,34.614000,6194.653000,6,6,2504,56
1760855756.330514,182,27.514,33.849000,6228.502000,5,5,2504,56
1760855757.330412,183,26.539,32.815000,6261.317000,5,5,2504,56
1760855758.330400,184,26.787,33.277000,6294.594000,4,5,2504,56
