ts,t_rel_s,power_w,energy_j_this_sec,energy_j_total,gpu_util_percent,mem_util_percent,mem_used_MiB,temp_c
1760408587.622200,0,11.423,0.000000,0.000000,0,0,396,53
1760408588.622163,1,11.392,16.191000,16.191000,0,0,396,53
1760408589.622168,2,12.919,19.828000,36.019000,6,6,805,54
1760408590.622169,3,29.712,36.634000,72.653000,6,7,805,56
1760408591.622170,4,33.712,38.574000,111.227000,7,9,1742,57
1760408592.622220,5,34.523,39.288000,150.515000,8,9,2429,58
1760408593.622175,6,34.255,39.007000,189.522000,7,9,2429,58
1760408594.622216,7,34.197,39.137000,228.659000,7,8,2429,58
1760408595.622219,8,34.097,39.149000,267.808000,6,8,2429,58
1760408596.622212,9,34.041,39.340000,307.148000,6,8,2429,58
1760408597.622185,10,33.859,39.316000,346.464000,7,9,2429,58
1760408598.622195,11,33.808,39.506000,385.970000,6,8,2429,58
1760408599.622221,12,33.619,39.565000,425.535000,6,8,2429,58
1760408600.622221,13,33.932,39.900000,465.435000,6,8,2429,58
1760408601.622221,14,33.915,40.080000,505.515000,6,8,2429,59
1760408602.622218,15,33.905,40.332000,545.847000,7,8,2429,59
1760408603.622220,16,33.976,40.447000,586.294000,6,8,2429,59
1760408604.622219,17,34.135,40.940000,627.234000,7,9,2429,59
1760408605.622219,18,34.365,41.183000,668.417000,7,9,2429,59
1760408606.622186,19,34.327,41.312000,709.729000,8,9,2429,59
1760408607.622221,20,34.382,41.498000,751.227000,7,9,2429,59
1760408608.622222,21,34.368,41.780000,793.007000,7,9,2429,60
1760408609.622223,22,34.561,42.100000,835.107000,7,9,2429,60
1760408610.622185,23,34.619,42.239000,877.346000,7,9,2429,60
1760408611.622220,24,34.481,42.217000,919.563000,7,9,2429,60
1760408612.622161,25,34.484,42.502000,962.065000,7,9,2429,60
1760408613.622219,26,34.365,42.581000,1004.646000,6,8,2429,60
1760408614.622170,27,34.376,42.934000,1047.580000,6,8,2429,61
1760408615.622179,28,34.548,43.092000,1090.672000,6,8,2429,61
1760408616.622185,29,34.425,43.195000,1133.867000,7,9,2429,61
1760408617.622221,30,34.333,43.216000,1177.083000,7,8,2429,61
1760408618.622184,31,34.491,43.659000,1220.742000,6,8,2429,61
1760408619.622220,32,34.564,43.705000,1264.447000,6,8,2429,61
1760408620.622173,33,34.615,44.141000,1308.588000,7,9,2429,61
1760408621.622222,34,34.614,44.230000,1352.818000,6,8,2429,61
1760408622.622189,35,34.637,44.412000,1397.230000,7,9,2429,62
1760408623.622235,36,34.849,44.725000,1441.955000,7,8,2429,62
1760408624.622184,37,34.811,44.888000,1486.843000,6,8,2429,62
1760408625.622211,38,34.893,45.166000,1532.009000,7,9,2429,62
1760408626.622161,39,34.967,45.354000,1577.363000,7,8,2429,62
1760408627.622219,40,34.934,45.605000,1622.968000,6,8,2429,61
1760408628.622171,41,35.195,46.018000,1668.986000,7,8,2429,62
1760408629.622202,42,35.078,45.928000,1714.914000,7,8,2429,61
1760408630.622219,43,34.764,37.466000,1752.380000,7,8,2429,61
1760408631.622221,44,35.014,37.717000,1790.097000,8,9,2429,61
1760408632.622175,45,34.885,37.482000,1827.579000,7,8,2429,61
1760408633.622221,46,34.784,37.625000,1865.204000,7,9,2429,61
1760408634.622220,47,35.036,37.770000,1902.974000,7,8,2429,61
1760408635.622224,48,34.959,37.709000,1940.683000,6,8,2429,61
1760408636.622221,49,34.955,37.595000,1978.278000,6,8,2429,61
1760408637.622220,50,34.663,37.385000,2015.663000,6,8,2429,60
1760408638.622222,51,34.708,37.479000,2053.142000,7,9,2429,60
1760408639.622219,52,34.655,37.489000,2090.631000,7,9,2429,60
1760408640.622173,53,34.893,37.540000,2128.171000,7,9,2429,60
1760408641.622221,54,34.803,37.498000,2165.669000,6,8,2429,60
1760408642.622182,55,34.761,37.389000,2203.058000,7,8,2429,60
1760408643.622221,56,34.509,37.239000,2240.297000,7,8,2429,60
1760408644.622223,57,34.427,37.054000,2277.351000,7,8,2429,60
1760408645.622220,58,34.360,37.243000,2314.594000,6,8,2429,60
1760408646.622174,59,34.525,37.720000,2352.314000,6,8,2429,59
1760408647.622211,60,34.402,37.706000,2390.020000,6,8,2429,59
1760408648.622189,61,34.287,37.882000,2427.902000,6,8,2429,59
1760408649.622225,62,34.401,38.071000,2465.973000,7,8,2429,59
1760408650.622166,63,34.271,38.123000,2504.096000,6,8,2429,59
1760408651.622165,64,34.192,38.024000,2542.120000,7,8,2429,59
1760408652.622220,65,34.261,38.206000,2580.326000,7,8,2429,59
1760408653.622221,66,34.107,38.142000,2618.468000,6,8,2429,59
1760408654.622175,67,34.093,38.268000,2656.736000,6,8,2429,59
1760408655.622221,68,33.943,38.435000,2695.171000,7,9,2429,59
1760408656.622162,69,34.307,38.892000,2734.063000,7,8,2429,59
1760408657.622220,70,34.389,39.077000,2773.140000,7,9,2429,58
1760408658.622220,71,34.397,39.329000,2812.469000,7,9,2429,59
1760408659.622162,72,34.451,39.471000,2851.940000,6,8,2429,58
1760408660.622222,73,34.216,39.473000,2891.413000,6,8,2429,58
1760408661.622220,74,34.379,39.839000,2931.252000,7,9,2429,58
1760408662.622220,75,34.287,39.898000,2971.150000,6,8,2429,58
1760408663.622175,76,34.078,40.026000,3011.176000,6,8,2429,58
1760408664.622230,77,34.118,39.984000,3051.160000,7,9,2429,58
1760408665.622221,78,33.855,40.050000,3091.210000,7,8,2429,58
1760408666.622174,79,34.055,40.459000,3131.669000,6,8,2429,58
1760408667.622223,80,34.059,40.624000,3172.293000,6,8,2429,58
1760408668.622222,81,34.117,40.810000,3213.103000,8,9,2429,58
1760408669.622163,82,34.119,40.769000,3253.872000,6,8,2539,58
1760408670.622178,83,34.073,41.200000,3295.072000,7,8,2023,58
1760408671.622168,84,34.259,41.321000,3336.393000,7,8,2023,58
1760408672.622202,85,33.928,41.388000,3377.781000,6,8,2023,58
1760408673.622164,86,33.837,41.322000,3419.103000,6,8,2023,58
1760408674.622164,87,34.016,41.614000,3460.717000,7,8,2023,58
1760408675.622174,88,34.062,42.201000,3502.918000,7,9,2295,58
1760408676.622196,89,34.702,42.407000,3545.325000,6,8,2429,58
1760408677.622223,90,34.145,42.262000,3587.587000,10,10,2539,58
1760408678.622211,91,33.694,42.217000,3629.804000,9,9,2023,58
1760408679.622177,92,33.840,42.273000,3672.077000,6,8,2133,57
1760408680.622168,93,33.747,42.607000,3714.684000,6,8,1617,57
1760408681.622203,94,33.715,42.727000,3757.411000,12,10,1979,58
1760408682.622201,95,33.484,42.305000,3799.716000,6,8,2023,58
1760408683.622193,96,33.759,43.362000,3843.078000,13,8,2318,58
1760408684.622220,97,33.967,42.948000,3886.026000,6,8,2429,58
1760408685.622221,98,33.254,43.151000,3929.177000,7,9,2429,58
1760408686.622214,99,33.825,43.658000,3972.835000,6,8,2429,58
1760408687.622221,100,33.733,43.790000,4016.625000,6,8,2429,58
1760408688.622214,101,33.868,44.019000,4060.644000,6,8,2429,57
1760408689.622221,102,33.576,44.017000,4104.661000,6,8,2429,57
1760408690.622220,103,33.487,44.290000,4148.951000,7,8,2429,57
1760408691.622221,104,33.410,44.502000,4193.453000,7,9,2429,57
1760408692.622221,105,33.302,44.381000,4237.834000,6,8,2429,57
1760408693.622219,106,33.330,44.641000,4282.475000,6,8,2429,57
1760408694.622221,107,33.383,36.082000,4318.557000,5,7,2429,57
1760408695.622184,108,33.442,36.233000,4354.790000,7,8,2429,57
1760408696.622221,109,33.623,36.328000,4391.118000,6,8,2429,57
1760408697.622160,110,33.530,36.304000,4427.422000,7,8,2429,57
1760408698.622224,111,33.549,36.128000,4463.550000,6,8,2429,57
1760408699.622187,112,33.443,36.186000,4499.736000,7,8,2429,57
1760408700.622184,113,33.649,36.460000,4536.196000,6,8,2429,57
1760408701.622214,114,33.503,36.099000,4572.295000,7,9,2429,57
1760408702.622221,115,33.458,36.263000,4608.558000,6,8,2429,56
1760408703.622198,116,33.321,36.011000,4644.569000,6,8,2429,56
1760408704.622195,117,33.283,36.195000,4680.764000,6,8,2429,56
1760408705.622212,118,33.311,36.148000,4716.912000,7,9,2429,56
1760408706.622220,119,33.249,35.975000,4752.887000,6,8,2429,56
1760408707.622187,120,33.254,35.880000,4788.767000,6,8,2429,56
1760408708.622219,121,32.819,35.544000,4824.311000,6,8,2429,56
1760408709.622221,122,32.700,35.771000,4860.082000,6,8,2429,56
1760408710.622217,123,32.815,35.900000,4895.982000,7,9,2429,56
1760408711.622219,124,32.823,36.063000,4932.045000,7,8,2429,56
1760408712.622174,125,32.783,36.052000,4968.097000,9,9,2539,56
1760408713.622184,126,32.866,36.722000,5004.819000,11,9,2023,56
1760408714.622183,127,32.935,36.417000,5041.236000,6,8,2023,56
1760408715.622196,128,32.731,36.525000,5077.761000,6,8,2023,56
1760408716.622165,129,32.992,36.774000,5114.535000,6,8,2023,56
1760408717.622220,130,33.219,37.478000,5152.013000,8,9,2429,56
1760408718.622165,131,33.217,37.514000,5189.527000,7,9,2429,56
1760408719.622184,132,33.322,37.779000,5227.306000,6,8,2429,56
1760408720.622214,133,33.472,38.071000,5265.377000,6,8,2429,56
1760408721.622224,134,33.698,38.538000,5303.915000,7,8,2429,56
1760408722.622211,135,33.741,38.798000,5342.713000,7,8,2429,56
1760408723.622165,136,33.492,38.515000,5381.228000,7,9,2429,56
1760408724.622165,137,33.407,38.636000,5419.864000,6,8,2429,56
1760408725.622219,138,33.067,38.558000,5458.422000,7,9,2429,56
1760408726.622188,139,33.157,38.756000,5497.178000,7,9,2429,56
1760408727.622220,140,33.292,39.076000,5536.254000,7,8,2429,56
1760408728.622211,141,33.302,39.292000,5575.546000,6,8,2429,56
1760408729.622218,142,33.336,39.566000,5615.112000,7,9,2429,55
1760408730.622221,143,33.320,39.487000,5654.599000,6,8,2429,55
1760408731.622221,144,32.953,39.464000,5694.063000,6,8,2429,55
1760408732.622219,145,33.316,40.094000,5734.157000,6,8,2429,55
1760408733.622221,146,33.384,40.206000,5774.363000,7,8,2429,55
1760408734.622182,147,33.303,40.464000,5814.827000,6,8,2429,55
1760408735.622165,148,33.408,40.708000,5855.535000,7,9,2429,55
1760408736.622219,149,33.413,40.662000,5896.197000,6,8,2429,55
1760408737.622229,150,33.235,40.813000,5937.010000,6,8,2429,55
1760408738.622226,151,33.268,41.102000,5978.112000,7,9,2429,55
1760408739.622165,152,33.357,41.347000,6019.459000,7,9,2429,55
1760408740.622164,153,33.380,41.361000,6060.820000,7,8,2429,55
1760408741.622221,154,33.113,41.312000,6102.132000,7,9,2429,55
1760408742.622166,155,33.178,41.523000,6143.655000,7,9,2429,55
1760408743.622224,156,32.956,41.422000,6185.077000,6,8,2429,55
1760408744.622211,157,32.924,41.693000,6226.770000,7,9,2429,55
1760408745.622219,158,32.853,41.804000,6268.574000,7,8,2429,55
1760408746.622164,159,32.736,41.826000,6310.400000,7,8,2429,55
1760408747.622220,160,32.855,42.274000,6352.674000,6,8,2429,55
1760408748.622174,161,33.162,42.710000,6395.384000,6,8,2429,55
1760408749.622201,162,33.154,42.685000,6438.069000,7,8,2429,55
1760408750.622224,163,33.098,42.986000,6481.055000,6,8,2429,55
1760408751.622221,164,33.184,43.332000,6524.387000,7,8,2429,55
1760408752.622189,165,33.311,43.572000,6567.959000,7,9,2429,55
1760408753.622174,166,33.381,43.599000,6611.558000,7,8,2429,54
1760408754.622174,167,33.216,43.680000,6655.238000,6,8,2429,55
1760408755.622220,168,33.245,43.934000,6699.172000,7,8,2429,55
1760408756.622213,169,33.466,44.217000,6743.389000,7,8,2429,55
1760408757.622176,170,33.293,44.325000,6787.714000,6,8,2429,54
1760408758.622219,171,33.092,35.712000,6823.426000,7,8,2429,55
1760408759.622165,172,33.076,35.808000,6859.234000,6,8,2429,55
1760408760.622220,173,32.899,35.661000,6894.895000,7,8,2429,55
1760408761.622190,174,33.044,35.725000,6930.620000,6,9,2429,54
1760408762.622181,175,33.371,36.245000,6966.865000,7,8,2429,55
1760408763.622222,176,33.552,36.169000,7003.034000,6,8,2429,54
1760408764.622222,177,33.450,36.384000,7039.418000,6,8,2429,54
1760408765.622220,178,33.252,35.886000,7075.304000,6,8,2429,54
1760408766.622185,179,33.302,36.192000,7111.496000,6,8,2429,54
1760408767.622222,180,33.588,36.304000,7147.800000,7,9,2429,54
1760408768.622222,181,33.421,36.207000,7184.007000,6,8,2429,54
1760408769.622212,182,33.259,36.054000,7220.061000,7,8,2429,54
1760408770.622161,183,33.052,35.701000,7255.762000,6,8,2429,54
1760408771.622171,184,32.991,35.606000,7291.368000,6,8,2429,54
