ts,t_rel_s,power_w,energy_j_this_sec,energy_j_total,gpu_util_percent,mem_util_percent,mem_used_MiB,temp_c
1760308099.534588,0,25.699,0.000000,0.000000,6,8,899,49
1760308100.534611,1,29.400,38.942000,38.942000,8,8,1728,49
1760308101.534684,2,28.671,37.865000,76.807000,9,10,2202,50
1760308102.534686,3,29.289,38.800000,115.607000,7,9,2399,50
1760308103.534638,4,29.941,39.798000,155.405000,7,8,2899,51
1760308104.534720,5,30.753,40.654000,196.059000,6,8,2899,51
1760308105.534669,6,31.022,41.077000,237.136000,8,9,2899,51
1760308106.534590,7,30.888,40.936000,278.072000,7,8,2899,51
1760308107.534626,8,30.428,40.669000,318.741000,6,8,2899,51
1760308108.534747,9,30.522,41.035000,359.776000,7,8,2899,51
1760308109.534620,10,30.228,41.050000,400.826000,7,9,2899,51
1760308110.534678,11,29.922,40.726000,441.552000,8,9,2899,51
1760308111.534751,12,29.119,40.104000,481.656000,7,8,2899,51
1760308112.534697,13,30.373,33.386000,515.042000,7,9,2899,51
1760308113.534610,14,30.760,33.511000,548.553000,8,9,2899,52
1760308114.534605,15,30.611,33.436000,581.989000,7,8,2899,51
1760308115.534919,16,29.405,32.149000,614.138000,8,9,2899,51
1760308116.534700,17,29.345,32.024000,646.162000,6,8,2899,51
1760308117.534935,18,30.612,33.587000,679.749000,7,9,2899,52
1760308118.534695,19,30.868,33.637000,713.386000,7,9,2899,52
1760308119.534751,20,30.796,33.613000,746.999000,5,7,2899,52
1760308120.534582,21,30.382,33.417000,780.416000,6,8,2899,52
1760308121.534693,22,30.658,33.593000,814.009000,6,8,2899,52
1760308122.534677,23,30.668,33.578000,847.587000,8,9,2899,52
1760308123.534853,24,30.561,33.395000,880.982000,7,9,2899,52
1760308124.534593,25,30.054,32.934000,913.916000,6,8,2899,52
1760308125.534602,26,29.209,32.200000,946.116000,6,8,2899,52
1760308126.534615,27,30.366,33.343000,979.459000,7,8,2899,52
1760308127.534613,28,30.341,33.406000,1012.865000,7,9,2899,53
1760308128.534577,29,30.718,33.941000,1046.806000,7,8,2899,53
1760308129.534601,30,30.853,34.129000,1080.935000,6,8,2899,53
1760308130.534682,31,30.695,34.402000,1115.337000,8,9,2899,53
1760308131.534684,32,30.508,34.169000,1149.506000,7,9,2899,53
1760308132.534604,33,30.728,34.480000,1183.986000,6,8,2899,53
1760308133.534599,34,30.787,34.877000,1218.863000,8,9,2899,53
1760308134.534595,35,31.071,35.253000,1254.116000,7,9,2899,53
1760308135.534580,36,31.304,35.586000,1289.702000,6,8,2899,53
1760308136.534668,37,31.706,36.328000,1326.030000,7,8,2899,53
1760308137.534609,38,31.649,36.362000,1362.392000,8,9,2899,53
1760308138.534577,39,31.919,36.742000,1399.134000,8,9,2899,53
1760308139.534586,40,31.767,36.773000,1435.907000,7,9,2899,54
1760308140.534580,41,31.564,36.772000,1472.679000,7,8,2899,54
1760308141.535234,42,31.366,36.783000,1509.462000,8,9,2899,54
1760308142.534579,43,31.555,37.403000,1546.865000,8,8,2899,54
1760308143.534619,44,30.852,36.616000,1583.481000,6,8,2899,54
1760308144.534579,45,30.113,36.234000,1619.715000,7,8,2899,54
1760308145.534735,46,30.523,36.804000,1656.519000,7,10,2899,54
1760308146.534602,47,30.478,37.052000,1693.571000,6,7,2899,54
1760308147.534615,48,30.706,37.385000,1730.956000,6,8,2899,54
1760308148.534580,49,29.741,36.611000,1767.567000,7,8,2899,54
1760308149.534615,50,30.252,37.114000,1804.681000,7,9,2899,54
1760308150.534978,51,30.507,37.871000,1842.552000,7,8,2899,54
1760308151.534691,52,30.770,38.261000,1880.813000,5,7,2899,54
1760308152.534595,53,30.752,38.575000,1919.388000,7,8,2899,54
1760308153.534577,54,31.181,38.927000,1958.315000,5,7,2899,55
1760308154.534668,55,31.491,39.661000,1997.976000,7,8,2899,54
1760308155.534625,56,31.127,39.631000,2037.607000,8,9,2899,54
1760308156.534787,57,30.797,39.182000,2076.789000,8,9,2899,54
1760308157.534693,58,31.223,39.739000,2116.528000,7,9,2899,54
1760308158.534581,59,31.521,40.254000,2156.782000,7,9,2899,55
1760308159.534601,60,31.841,40.564000,2197.346000,6,8,2899,55
1760308160.534603,61,31.288,40.321000,2237.667000,7,9,2899,55
1760308161.534605,62,30.363,39.711000,2277.378000,6,7,2899,55
1760308162.534685,63,31.492,41.025000,2318.403000,7,8,2899,55
1760308163.534582,64,31.649,41.260000,2359.663000,8,8,2899,55
1760308164.534586,65,31.591,41.329000,2400.992000,7,8,2899,55
1760308165.534600,66,31.752,41.772000,2442.764000,7,8,2899,55
1760308166.534700,67,31.767,41.986000,2484.750000,7,9,2899,55
1760308167.534612,68,31.725,42.081000,2526.831000,7,8,2899,55
1760308168.534578,69,31.588,42.019000,2568.850000,8,9,2899,55
1760308169.534696,70,31.745,42.424000,2611.274000,6,8,2899,55
1760308170.534603,71,31.949,43.094000,2654.368000,7,9,2899,55
1760308171.534710,72,31.887,42.980000,2697.348000,8,9,2899,55
1760308172.534608,73,31.356,33.971000,2731.319000,7,9,2899,55
1760308173.534799,74,31.426,34.238000,2765.557000,6,7,2899,55
1760308174.534679,75,31.485,34.421000,2799.978000,8,9,2899,55
1760308175.534605,76,31.684,34.469000,2834.447000,7,9,2899,55
1760308176.534581,77,31.742,34.485000,2868.932000,6,8,2899,55
1760308177.534679,78,31.845,34.658000,2903.590000,7,8,2899,55
1760308178.534616,79,31.746,34.517000,2938.107000,7,8,2899,55
1760308179.534577,80,31.590,34.287000,2972.394000,7,8,2899,55
1760308180.534844,81,31.757,34.560000,3006.954000,6,8,2899,55
1760308181.534704,82,31.720,34.558000,3041.512000,7,9,2899,55
1760308182.534583,83,31.651,34.313000,3075.825000,8,9,2899,55
1760308183.534712,84,31.619,34.313000,3110.138000,6,8,2899,55
1760308184.534687,85,31.725,34.478000,3144.616000,7,8,2899,55
1760308185.534600,86,31.578,34.357000,3178.973000,7,9,2899,55
1760308186.534888,87,31.531,34.545000,3213.518000,7,8,2899,55
1760308187.534678,88,31.502,34.935000,3248.453000,6,8,2899,55
1760308188.534616,89,31.119,34.847000,3283.300000,8,9,2899,55
1760308189.534605,90,30.864,34.501000,3317.801000,7,9,2899,55
1760308190.534693,91,30.919,34.552000,3352.353000,8,9,2899,55
1760308191.534955,92,31.151,34.988000,3387.341000,7,8,2899,55
1760308192.534675,93,31.420,35.512000,3422.853000,8,9,2899,55
1760308193.534618,94,31.550,35.602000,3458.455000,7,9,2899,55
1760308194.534620,95,31.596,35.763000,3494.218000,6,8,2899,55
1760308195.534620,96,31.512,36.131000,3530.349000,6,8,2899,55
1760308196.534617,97,31.515,36.258000,3566.607000,8,9,2899,55
1760308197.534677,98,31.450,36.242000,3602.849000,5,8,2899,55
1760308198.534620,99,31.367,36.502000,3639.351000,6,8,2899,55
1760308199.534578,100,31.268,36.528000,3675.879000,8,9,2899,55
1760308200.534598,101,30.608,35.815000,3711.694000,8,10,2899,55
1760308201.534581,102,30.935,36.649000,3748.343000,6,8,2899,55
1760308202.534673,103,31.679,37.472000,3785.815000,5,8,2899,55
1760308203.534681,104,31.502,37.528000,3823.343000,7,8,2899,55
1760308204.534609,105,31.425,37.652000,3860.995000,7,8,2899,55
1760308205.534608,106,31.582,37.912000,3898.907000,8,9,2899,55
1760308206.534709,107,31.718,38.209000,3937.116000,6,8,2899,55
1760308207.534684,108,31.816,38.735000,3975.851000,7,8,2899,55
1760308208.534682,109,31.868,38.798000,4014.649000,7,9,2899,55
1760308209.534627,110,31.757,38.713000,4053.362000,6,8,2899,55
1760308210.534630,111,31.733,39.084000,4092.446000,6,8,2899,55
1760308211.534688,112,31.215,38.791000,4131.237000,8,9,2899,55
1760308212.534607,113,31.083,38.665000,4169.902000,7,9,2899,55
1760308213.534619,114,31.284,38.967000,4208.869000,6,8,2899,55
1760308214.534614,115,31.239,39.422000,4248.291000,7,8,2899,55
1760308215.534599,116,31.008,39.246000,4287.537000,7,8,3009,55
1760308216.534577,117,30.107,38.540000,4326.077000,10,9,2652,55
1760308217.534681,118,31.529,40.027000,4366.104000,7,8,2399,55
1760308218.534594,119,29.962,38.589000,4404.693000,7,8,2399,55
1760308219.534618,120,29.449,38.420000,4443.113000,7,8,2399,55
1760308220.534720,121,31.059,40.299000,4483.412000,7,8,2899,56
1760308221.534577,122,29.228,38.445000,4521.857000,7,8,2899,55
1760308222.534597,123,29.626,39.060000,4560.917000,10,9,3009,55
1760308223.534684,124,29.231,38.788000,4599.705000,7,9,3009,55
1760308224.534684,125,30.726,40.966000,4640.671000,6,8,2509,56
1760308225.534669,126,30.936,41.025000,4681.696000,12,10,1899,56
1760308226.534584,127,30.566,40.584000,4722.280000,6,8,1899,55
1760308227.534682,128,29.874,40.663000,4762.943000,7,8,2414,56
1760308228.534673,129,31.026,33.835000,4796.778000,7,8,2899,56
1760308229.534622,130,31.305,42.228000,4839.006000,8,9,2899,56
1760308230.534579,131,31.976,43.091000,4882.097000,7,9,2899,55
1760308231.534682,132,31.854,34.598000,4916.695000,7,9,2899,55
1760308232.534608,133,31.960,34.679000,4951.374000,6,8,2899,55
1760308233.534586,134,31.927,34.675000,4986.049000,7,9,2899,55
1760308234.534618,135,31.358,34.061000,5020.110000,7,9,2899,55
1760308235.534903,136,30.917,33.584000,5053.694000,5,7,2899,55
1760308236.534584,137,30.712,33.581000,5087.275000,6,7,2899,55
1760308237.534688,138,30.688,33.497000,5120.772000,6,7,2899,55
1760308238.534598,139,29.217,31.892000,5152.664000,8,9,2899,55
1760308239.534688,140,29.684,32.358000,5185.022000,6,9,2899,55
1760308240.534690,141,30.383,33.411000,5218.433000,6,8,2899,55
1760308241.534685,142,30.876,33.685000,5252.118000,6,8,2899,55
1760308242.534691,143,31.007,33.860000,5285.978000,7,8,2899,55
1760308243.534712,144,30.681,33.389000,5319.367000,8,9,2899,55
1760308244.534580,145,29.655,32.265000,5351.632000,6,7,2899,55
1760308245.534688,146,30.521,33.466000,5385.098000,6,8,2899,55
1760308246.534701,147,31.376,34.667000,5419.765000,6,8,2899,55
1760308247.534620,148,31.233,34.786000,5454.551000,6,8,2899,55
1760308248.534619,149,30.669,34.316000,5488.867000,7,8,2899,55
1760308249.534825,150,30.933,34.599000,5523.466000,6,8,2899,55
1760308250.534674,151,31.035,34.917000,5558.383000,6,8,2899,55
1760308251.534683,152,30.841,34.827000,5593.210000,7,8,2899,55
1760308252.534699,153,30.662,34.734000,5627.944000,7,8,2899,55
1760308253.534601,154,29.377,33.539000,5661.483000,8,9,2899,55
1760308254.534898,155,30.363,34.753000,5696.236000,6,8,2899,55
1760308255.534724,156,30.796,35.631000,5731.867000,7,8,2899,55
1760308256.534581,157,30.719,35.679000,5767.546000,8,9,2899,55
1760308257.534621,158,30.569,35.374000,5802.920000,8,9,2899,55
1760308258.534583,159,30.577,35.683000,5838.603000,5,8,2899,55
1760308259.534615,160,30.645,36.068000,5874.671000,8,9,2899,55
1760308260.534681,161,30.870,36.329000,5911.000000,7,9,2899,55
1760308261.534993,162,31.132,36.851000,5947.851000,6,8,2899,55
1760308262.534681,163,31.254,37.514000,5985.365000,6,8,2899,55
1760308263.534812,164,31.274,37.433000,6022.798000,8,9,2899,55
1760308264.534578,165,31.490,37.775000,6060.573000,7,8,2899,55
1760308265.534691,166,32.019,38.456000,6099.029000,6,8,2899,56
1760308266.534899,167,31.354,38.203000,6137.232000,6,8,3009,55
1760308267.534600,168,31.504,38.687000,6175.919000,7,8,2399,55
1760308268.534597,169,30.213,37.133000,6213.052000,8,8,2399,55
1760308269.534582,170,31.480,38.790000,6251.842000,11,9,2688,56
1760308270.534704,171,31.742,38.968000,6290.810000,7,8,3009,56
1760308271.534692,172,30.751,38.319000,6329.129000,8,9,2942,56
1760308272.534701,173,32.270,40.292000,6369.421000,7,8,2399,56
1760308273.534680,174,32.101,40.008000,6409.429000,7,8,2399,56
1760308274.534685,175,32.074,40.274000,6449.703000,8,9,2399,56
1760308275.534607,176,32.207,40.636000,6490.339000,7,8,2899,56
1760308276.534608,177,31.029,39.544000,6529.883000,8,9,2899,56
1760308277.534599,178,31.105,39.692000,6569.575000,8,8,2899,56
1760308278.534836,179,31.302,40.261000,6609.836000,7,8,2899,56
1760308279.534609,180,31.075,40.303000,6650.139000,8,9,2899,55
1760308280.534682,181,31.254,40.516000,6690.655000,7,9,2899,55
1760308281.534681,182,31.533,40.986000,6731.641000,5,8,2899,56
1760308282.534577,183,31.263,41.070000,6772.711000,7,8,2899,55
1760308283.534699,184,31.416,41.222000,6813.933000,7,9,2899,55
