ts,t_rel_s,power_w,energy_j_this_sec,energy_j_total,gpu_util_percent,mem_util_percent,mem_used_MiB,temp_c
1760255457.710943,0,24.158,0.000000,0.000000,8,8,1506,50
1760255458.711017,1,29.383,40.502000,40.502000,7,8,1912,51
1760255459.710986,2,29.727,40.421000,80.923000,8,8,2318,51
1760255460.710938,3,29.078,39.826000,120.749000,7,8,2429,51
1760255461.711050,4,29.060,40.060000,160.809000,7,7,2429,51
1760255462.710959,5,29.390,32.119000,192.928000,8,9,2429,51
1760255463.711131,6,29.055,31.613000,224.541000,7,8,2429,51
1760255464.711008,7,29.072,31.709000,256.250000,7,8,2429,51
1760255465.710926,8,29.022,31.752000,288.002000,6,7,2429,52
1760255466.710959,9,29.084,31.799000,319.801000,7,8,2429,52
1760255467.710923,10,28.968,31.628000,351.429000,7,8,2429,52
1760255468.710920,11,28.944,31.569000,382.998000,6,7,2429,52
1760255469.710944,12,28.976,31.819000,414.817000,6,7,2429,52
1760255470.710922,13,28.957,31.686000,446.503000,6,7,2429,52
1760255471.710969,14,29.038,31.888000,478.391000,7,8,2429,52
1760255472.711016,15,29.279,32.089000,510.480000,6,7,2429,53
1760255473.711013,16,29.546,32.324000,542.804000,7,8,2429,53
1760255474.710979,17,29.737,32.472000,575.276000,7,8,2429,53
1760255475.711046,18,29.771,32.528000,607.804000,6,8,2429,53
1760255476.711282,19,29.838,32.607000,640.411000,7,7,2429,53
1760255477.710988,20,29.501,32.823000,673.234000,7,8,2429,53
1760255478.711034,21,29.502,32.625000,705.859000,5,7,2429,53
1760255479.711018,22,29.466,33.071000,738.930000,6,7,2429,53
1760255480.711073,23,29.298,33.023000,771.953000,7,8,2429,53
1760255481.711102,24,29.225,32.914000,804.867000,6,8,2429,53
1760255482.711130,25,29.186,33.026000,837.893000,6,8,2429,53
1760255483.710924,26,29.297,33.412000,871.305000,6,7,2429,53
1760255484.711264,27,29.338,33.368000,904.673000,6,8,2429,53
1760255485.710961,28,29.123,33.559000,938.232000,7,8,2429,53
1760255486.711088,29,29.014,33.503000,971.735000,7,8,2429,53
1760255487.710957,30,29.009,33.709000,1005.444000,6,8,2429,53
1760255488.710923,31,29.186,33.996000,1039.440000,7,8,2429,54
1760255489.710982,32,29.279,34.267000,1073.707000,8,8,2429,54
1760255490.711310,33,29.372,34.669000,1108.376000,6,7,2429,54
1760255491.711217,34,29.428,35.190000,1143.566000,6,8,2429,54
1760255492.711087,35,29.586,35.451000,1179.017000,6,8,2429,54
1760255493.710923,36,29.595,35.481000,1214.498000,7,8,2429,54
1760255494.710922,37,29.867,35.859000,1250.357000,7,8,2429,54
1760255495.711015,38,30.299,36.475000,1286.832000,6,7,2429,54
1760255496.710980,39,30.269,36.757000,1323.589000,7,8,2429,54
1760255497.710979,40,30.103,36.663000,1360.252000,8,8,2429,54
1760255498.710947,41,29.929,36.859000,1397.111000,7,8,2429,54
1760255499.711058,42,30.092,37.099000,1434.210000,8,8,2429,54
1760255500.711010,43,30.358,37.522000,1471.732000,6,7,2429,55
1760255501.710960,44,30.548,37.907000,1509.639000,7,7,2429,55
1760255502.711307,45,30.585,38.235000,1547.874000,7,8,2429,54
1760255503.711065,46,30.487,38.331000,1586.205000,6,7,2429,55
1760255504.711224,47,30.386,38.285000,1624.490000,7,8,2429,55
1760255505.710974,48,30.052,38.230000,1662.720000,7,8,2429,55
1760255506.711044,49,30.089,38.321000,1701.041000,6,7,2429,55
1760255507.710968,50,29.904,38.412000,1739.453000,6,7,2429,55
1760255508.711020,51,29.921,38.516000,1777.969000,6,7,2429,55
1760255509.710937,52,29.905,38.693000,1816.662000,6,8,2429,55
1760255510.710924,53,29.767,38.730000,1855.392000,6,7,2429,55
1760255511.711334,54,29.733,39.123000,1894.515000,6,7,2429,55
1760255512.710922,55,30.004,39.943000,1934.458000,7,8,2429,55
1760255513.711016,56,30.184,40.120000,1974.578000,7,8,2429,55
1760255514.710961,57,30.276,40.112000,2014.690000,7,8,2429,55
1760255515.710967,58,30.135,40.159000,2054.849000,7,8,2429,55
1760255516.711075,59,29.936,40.057000,2094.906000,7,8,2429,55
1760255517.711029,60,30.145,40.486000,2135.392000,6,8,2429,55
1760255518.710948,61,30.050,40.672000,2176.064000,8,8,2429,55
1760255519.710935,62,29.959,40.610000,2216.674000,6,7,2429,55
1760255520.710930,63,29.507,40.534000,2257.208000,6,7,2429,55
1760255521.711032,64,29.556,40.692000,2297.900000,6,7,2429,55
1760255522.711047,65,29.779,32.547000,2330.447000,7,8,2429,55
1760255523.710964,66,30.066,32.764000,2363.211000,6,7,2429,55
1760255524.710961,67,30.103,32.843000,2396.054000,7,8,2429,55
1760255525.710964,68,30.029,32.734000,2428.788000,7,8,2429,55
1760255526.710942,69,30.268,33.012000,2461.800000,7,8,2429,55
1760255527.711046,70,30.445,33.119000,2494.919000,7,7,2429,55
1760255528.711013,71,30.397,33.171000,2528.090000,7,8,2429,55
1760255529.711102,72,30.565,33.296000,2561.386000,7,8,2429,55
1760255530.710972,73,30.479,33.161000,2594.547000,7,8,2429,55
1760255531.711249,74,30.612,33.542000,2628.089000,7,8,2429,55
1760255532.710978,75,30.069,32.803000,2660.892000,8,8,2429,55
1760255533.710937,76,29.779,32.472000,2693.364000,7,8,2429,55
1760255534.711174,77,29.748,32.537000,2725.901000,6,8,2429,55
1760255535.710978,78,30.002,32.986000,2758.887000,6,8,2429,55
1760255536.710974,79,30.223,33.393000,2792.280000,7,8,2429,55
1760255537.710977,80,30.191,33.350000,2825.630000,6,8,2429,55
1760255538.711027,81,30.194,33.786000,2859.416000,7,8,2429,55
1760255539.711068,82,30.267,33.914000,2893.330000,7,8,2429,55
1760255540.710950,83,30.324,33.985000,2927.315000,7,8,2429,55
1760255541.710948,84,30.366,34.102000,2961.417000,7,7,2429,55
1760255542.710918,85,30.442,34.382000,2995.799000,7,8,2429,55
1760255543.710942,86,30.557,34.640000,3030.439000,6,7,2429,55
1760255544.710966,87,30.537,34.889000,3065.328000,7,8,2429,55
1760255545.710990,88,30.613,35.159000,3100.487000,7,8,2429,55
1760255546.711263,89,30.693,35.348000,3135.835000,8,9,2429,55
1760255547.711072,90,30.783,35.743000,3171.578000,7,8,2429,55
1760255548.711022,91,30.490,35.559000,3207.137000,6,7,2429,55
1760255549.710927,92,30.125,35.345000,3242.482000,8,8,2429,55
1760255550.711145,93,30.136,35.484000,3277.966000,7,8,2429,55
1760255551.710977,94,30.170,35.925000,3313.891000,7,8,2429,55
1760255552.711028,95,30.297,36.112000,3350.003000,6,7,2429,55
1760255553.711029,96,30.195,36.256000,3386.259000,7,7,2429,55
1760255554.710945,97,30.111,36.544000,3422.803000,7,8,2429,55
1760255555.711128,98,30.208,36.612000,3459.415000,7,8,2429,55
1760255556.710975,99,30.394,37.007000,3496.422000,8,8,2429,55
1760255557.710951,100,30.320,37.147000,3533.569000,7,8,2429,56
1760255558.710951,101,30.320,37.197000,3570.766000,7,8,2429,56
1760255559.710990,102,30.038,37.110000,3607.876000,6,7,2429,55
1760255560.710975,103,29.932,37.318000,3645.194000,6,7,2429,55
1760255561.710964,104,29.988,37.585000,3682.779000,8,9,2429,55
1760255562.711033,105,30.065,37.846000,3720.625000,7,8,2429,55
1760255563.711332,106,30.257,38.137000,3758.762000,6,8,2429,56
1760255564.711033,107,30.147,38.479000,3797.241000,7,8,2429,55
1760255565.710928,108,30.052,38.421000,3835.662000,7,7,2429,55
1760255566.711109,109,29.845,38.339000,3874.001000,7,8,2429,55
1760255567.711044,110,30.095,38.884000,3912.885000,6,7,2429,56
1760255568.710987,111,30.152,39.054000,3951.939000,6,8,2429,56
1760255569.711015,112,30.405,39.415000,3991.354000,6,7,2429,55
1760255570.711026,113,30.446,39.723000,4031.077000,6,7,2429,56
1760255571.711041,114,30.489,39.903000,4070.980000,7,8,2429,56
1760255572.710980,115,30.564,40.223000,4111.203000,7,8,2429,56
1760255573.710929,116,30.383,40.239000,4151.442000,6,8,2429,56
1760255574.711021,117,30.406,40.407000,4191.849000,7,8,2429,55
1760255575.710946,118,30.423,40.568000,4232.417000,7,8,2429,56
1760255576.711017,119,30.538,40.921000,4273.338000,7,8,2429,56
1760255577.710986,120,30.369,41.005000,4314.343000,6,7,2429,56
1760255578.711106,121,30.285,41.088000,4355.431000,6,7,2429,56
1760255579.711026,122,30.113,41.180000,4396.611000,7,8,2429,55
1760255580.711282,123,30.100,41.289000,4437.900000,7,8,2429,56
1760255581.711146,124,30.167,32.831000,4470.731000,7,8,2429,56
1760255582.711330,125,30.247,32.903000,4503.634000,7,8,2429,56
1760255583.711282,126,30.150,32.893000,4536.527000,6,8,2429,56
1760255584.710943,127,29.782,32.436000,4568.963000,5,7,2429,56
1760255585.711182,128,29.670,32.609000,4601.572000,7,8,2429,56
1760255586.711212,129,29.566,32.419000,4633.991000,6,8,2429,56
1760255587.711050,130,29.374,32.058000,4666.049000,7,7,2429,55
1760255588.710968,131,29.014,31.892000,4697.941000,6,8,2649,55
1760255589.710925,132,28.288,30.972000,4728.913000,13,10,1763,56
1760255590.710992,133,29.320,33.064000,4761.977000,6,7,1617,56
1760255591.710977,134,30.301,33.085000,4795.062000,6,7,2429,56
1760255592.710926,135,29.293,32.070000,4827.132000,6,7,2539,56
1760255593.710936,136,29.400,32.190000,4859.322000,8,7,2403,56
1760255594.710923,137,30.025,32.793000,4892.115000,6,7,2023,56
1760255595.711067,138,30.096,33.025000,4925.140000,7,8,2122,56
1760255596.711066,139,30.738,33.899000,4959.039000,8,8,2429,56
1760255597.711035,140,29.944,33.348000,4992.387000,6,8,2429,56
1760255598.710982,141,30.103,33.803000,5026.190000,7,7,2429,56
1760255599.711064,142,29.982,33.696000,5059.886000,6,7,2429,56
1760255600.710939,143,30.039,33.926000,5093.812000,6,7,2429,56
1760255601.710922,144,30.462,34.423000,5128.235000,6,7,2429,56
1760255602.711046,145,30.178,34.233000,5162.468000,6,7,2429,56
1760255603.710927,146,29.917,34.247000,5196.715000,5,7,2429,56
1760255604.710998,147,29.488,33.978000,5230.693000,6,7,2429,56
1760255605.711001,148,29.508,34.252000,5264.945000,6,7,2429,55
1760255606.711099,149,30.047,34.939000,5299.884000,7,8,2429,56
1760255607.711047,150,30.070,35.119000,5335.003000,7,7,2429,56
1760255608.711248,151,29.898,35.223000,5370.226000,6,7,2429,56
1760255609.711019,152,29.946,35.578000,5405.804000,6,7,2429,56
1760255610.710927,153,29.368,34.973000,5440.777000,5,7,2429,56
1760255611.711147,154,27.707,33.322000,5474.099000,6,8,2429,55
1760255612.710981,155,26.809,32.885000,5506.984000,7,9,2429,55
1760255613.711042,156,28.669,35.088000,5542.072000,6,7,2429,55
1760255614.711030,157,29.572,36.063000,5578.135000,6,7,2429,55
1760255615.711088,158,30.129,36.760000,5614.895000,7,8,2429,55
1760255616.711251,159,30.093,36.984000,5651.879000,5,7,2429,56
1760255617.711153,160,30.102,37.338000,5689.217000,6,7,2429,56
1760255618.710974,161,30.053,37.388000,5726.605000,5,7,2429,56
1760255619.711032,162,29.846,37.289000,5763.894000,6,7,2429,56
1760255620.711158,163,30.027,37.727000,5801.621000,7,8,2429,56
1760255621.710980,164,29.788,37.548000,5839.169000,6,7,2429,55
1760255622.711030,165,29.590,37.527000,5876.696000,6,7,2429,56
1760255623.710920,166,29.274,37.517000,5914.213000,6,8,2429,55
1760255624.711022,167,29.322,37.583000,5951.796000,6,8,2429,56
1760255625.711065,168,29.502,38.086000,5989.882000,5,7,2429,56
1760255626.711171,169,29.686,38.441000,6028.323000,6,7,2429,56
1760255627.710946,170,29.818,38.909000,6067.232000,7,8,2429,56
1760255628.711009,171,29.830,38.806000,6106.038000,7,8,2429,56
1760255629.710975,172,29.578,38.862000,6144.900000,6,7,2429,56
1760255630.711235,173,29.544,38.983000,6183.883000,7,8,2429,55
1760255631.711268,174,29.590,39.424000,6223.307000,6,8,2429,56
1760255632.711328,175,29.791,39.893000,6263.200000,6,8,2429,56
1760255633.710974,176,29.885,40.074000,6303.274000,6,7,2429,56
1760255634.711076,177,29.986,40.339000,6343.613000,7,8,2429,56
1760255635.710965,178,30.055,40.503000,6384.116000,7,8,2429,56
1760255636.710959,179,29.931,40.504000,6424.620000,7,8,2429,56
1760255637.710963,180,30.194,41.031000,6465.651000,6,7,2429,56
1760255638.711189,181,30.221,41.184000,6506.835000,7,8,2429,56
1760255639.711139,182,30.102,32.759000,6539.594000,8,8,2429,56
1760255640.711340,183,29.460,32.159000,6571.753000,6,7,2429,56
1760255641.710967,184,29.240,31.846000,6603.599000,5,7,2539,56
