ts,t_rel_s,power_w,energy_j_this_sec,energy_j_total,gpu_util_percent,mem_util_percent,mem_used_MiB,temp_c
1760917253.718144,0,16.068,0.000000,0.000000,0,0,1401,48
1760917254.718313,1,32.098,37.458000,37.458000,48,20,1907,49
1760917255.718199,2,29.212,33.075000,70.533000,7,5,2407,49
1760917256.718089,3,28.022,32.426000,102.959000,6,6,2406,49
1760917257.718151,4,27.964,30.463000,133.422000,6,6,2406,49
1760917258.718087,5,28.077,33.724000,167.146000,5,6,2406,50
1760917259.718147,6,27.870,32.188000,199.334000,6,6,2382,50
1760917260.718224,7,27.971,32.523000,231.857000,6,7,2370,50
1760917261.718160,8,27.922,32.484000,264.341000,5,6,2370,50
1760917262.718037,9,27.985,32.387000,296.728000,5,6,2370,50
1760917263.718148,10,27.981,32.239000,328.967000,6,6,2370,50
1760917264.718082,11,27.936,30.613000,359.580000,6,6,2370,51
1760917265.718193,12,28.157,32.404000,391.984000,6,6,2370,51
1760917266.718140,13,28.037,32.526000,424.510000,6,6,2370,51
1760917267.718147,14,28.030,32.477000,456.987000,6,6,2370,51
1760917268.718158,15,27.982,32.631000,489.618000,6,6,2370,51
1760917269.718080,16,28.028,32.543000,522.161000,5,6,2370,51
1760917270.718159,17,27.971,32.315000,554.476000,6,6,2370,51
1760917271.718058,18,28.046,32.131000,586.607000,6,6,2370,51
1760917272.718250,19,28.146,32.310000,618.917000,7,6,2370,52
1760917273.718088,20,28.111,34.244000,653.161000,6,6,2370,52
1760917274.718143,21,28.022,33.043000,686.204000,6,6,2370,52
1760917275.718041,22,28.065,34.115000,720.319000,6,6,2370,52
1760917276.718165,23,28.128,33.298000,753.617000,5,6,2370,52
1760917277.718152,24,28.015,34.039000,787.656000,5,6,2370,52
1760917278.718074,25,28.176,32.352000,820.008000,5,6,2370,52
1760917279.718141,26,28.126,33.441000,853.449000,6,6,2370,52
1760917280.718140,27,28.161,33.865000,887.314000,6,6,2370,52
1760917281.718173,28,28.106,34.249000,921.563000,6,6,2370,52
1760917282.718451,29,28.159,34.329000,955.892000,6,6,2370,52
1760917283.718176,30,28.212,34.890000,990.782000,6,6,2370,52
1760917284.718078,31,28.146,34.806000,1025.588000,6,6,2370,53
1760917285.718092,32,28.215,33.504000,1059.092000,6,6,2370,53
1760917286.718161,33,28.253,34.983000,1094.075000,5,6,2370,53
1760917287.718267,34,28.182,35.487000,1129.562000,6,6,2370,53
1760917288.718135,35,28.289,35.713000,1165.275000,6,6,2382,53
1760917289.718152,36,28.173,35.644000,1200.919000,5,6,2382,53
1760917290.718037,37,28.204,36.077000,1236.996000,5,6,2382,53
1760917291.718141,38,28.173,36.100000,1273.096000,5,6,2382,53
1760917292.718147,39,28.176,35.401000,1308.497000,5,6,2382,53
1760917293.718424,40,28.301,36.250000,1344.747000,6,6,2370,53
1760917294.718153,41,28.248,36.924000,1381.671000,5,6,2370,53
1760917295.718153,42,28.240,37.041000,1418.712000,6,6,2370,53
1760917296.718088,43,28.269,37.247000,1455.959000,5,6,2370,53
1760917297.718090,44,28.224,37.226000,1493.185000,6,6,2370,53
1760917298.718250,45,28.287,37.519000,1530.704000,6,6,2370,53
1760917299.718289,46,28.235,36.635000,1567.339000,5,6,2370,53
1760917300.718155,47,28.202,37.872000,1605.211000,5,6,2370,54
1760917301.718238,48,28.266,37.753000,1642.964000,6,6,2370,53
1760917302.718079,49,28.323,38.261000,1681.225000,5,6,2370,53
1760917303.718673,50,28.232,38.525000,1719.750000,6,6,2370,53
1760917304.718155,51,28.271,38.811000,1758.561000,5,6,2370,54
1760917305.718041,52,28.239,38.885000,1797.446000,5,6,2370,54
1760917306.718232,53,28.330,37.926000,1835.372000,6,6,2370,54
1760917307.718081,54,28.243,39.175000,1874.547000,6,6,2370,54
1760917308.718216,55,28.269,39.287000,1913.834000,5,6,2370,54
1760917309.718213,56,28.353,30.811000,1944.645000,5,6,2370,54
1760917310.718041,57,28.371,31.142000,1975.787000,5,6,2370,54
1760917311.718409,58,28.282,31.197000,2006.984000,5,6,2370,54
1760917312.718436,59,28.365,31.226000,2038.210000,5,6,2370,54
1760917313.718303,60,28.343,31.130000,2069.340000,5,6,2370,54
1760917314.718173,61,28.361,31.269000,2100.609000,5,6,2370,54
1760917315.718154,62,28.372,31.074000,2131.683000,5,6,2370,54
1760917316.718157,63,28.346,31.190000,2162.873000,7,6,2370,54
1760917317.718160,64,28.458,30.841000,2193.714000,5,6,2370,54
1760917318.718157,65,28.389,31.256000,2224.970000,5,6,2370,54
1760917319.718164,66,28.327,31.296000,2256.266000,5,6,2370,54
1760917320.718138,67,28.401,31.328000,2287.594000,6,6,2370,54
1760917321.718152,68,28.292,31.104000,2318.698000,6,6,2370,54
1760917322.718163,69,28.381,31.378000,2350.076000,6,6,2370,54
1760917323.718140,70,28.370,31.412000,2381.488000,6,6,2370,54
1760917324.718149,71,28.429,31.620000,2413.108000,5,6,2370,55
1760917325.718161,72,28.453,31.668000,2444.776000,7,6,2370,54
1760917326.718281,73,28.499,32.184000,2476.960000,6,6,2370,55
1760917327.718098,74,28.400,32.149000,2509.109000,6,6,2370,55
1760917328.718173,75,28.374,32.248000,2541.357000,5,6,2370,55
1760917329.718133,76,28.395,32.419000,2573.776000,6,6,2370,54
1760917330.718220,77,28.460,32.588000,2606.364000,5,6,2370,55
1760917331.718175,78,28.437,32.555000,2638.919000,5,6,2370,55
1760917332.718415,79,28.429,32.847000,2671.766000,6,6,2370,55
1760917333.718200,80,28.472,33.179000,2704.945000,7,7,2370,55
1760917334.718040,81,28.434,33.669000,2738.614000,5,6,2370,55
1760917335.718147,82,28.404,33.715000,2772.329000,6,6,2370,55
1760917336.718377,83,28.401,33.883000,2806.212000,6,6,2370,55
1760917337.718165,84,28.309,34.289000,2840.501000,5,6,2370,54
1760917338.718297,85,28.373,34.373000,2874.874000,5,6,2370,55
1760917339.718142,86,28.385,34.353000,2909.227000,5,6,2370,55
1760917340.718286,87,28.368,34.359000,2943.586000,6,6,2370,55
1760917341.718042,88,28.432,34.611000,2978.197000,5,6,2370,55
1760917342.718158,89,28.424,34.849000,3013.046000,6,6,2370,55
1760917343.718176,90,28.456,35.026000,3048.072000,5,6,2370,55
1760917344.718144,91,28.578,35.253000,3083.325000,6,6,2370,55
1760917345.718041,92,28.397,35.173000,3118.498000,6,6,2480,55
1760917346.718461,93,28.484,35.557000,3154.055000,12,8,1870,55
1760917347.718146,94,28.307,35.587000,3189.642000,7,7,1914,55
1760917348.718087,95,28.141,35.829000,3225.471000,11,8,1377,55
1760917349.718143,96,27.439,35.355000,3260.826000,5,6,1783,55
1760917350.718148,97,29.853,37.677000,3298.503000,11,8,2383,55
1760917351.718165,98,28.706,36.704000,3335.207000,6,6,2382,55
1760917352.718295,99,28.628,37.092000,3372.299000,5,6,2382,55
1760917353.718043,100,28.578,37.259000,3409.558000,6,6,2382,55
1760917354.718078,101,28.539,37.346000,3446.904000,6,6,2382,55
1760917355.718082,102,28.449,37.349000,3484.253000,6,6,2370,55
1760917356.718152,103,28.470,37.470000,3521.723000,5,6,2370,55
1760917357.718139,104,28.526,37.651000,3559.374000,5,6,2370,55
1760917358.718148,105,28.486,37.872000,3597.246000,6,6,2370,55
1760917359.718132,106,28.521,37.920000,3635.166000,7,6,2370,55
1760917360.718146,107,28.572,38.453000,3673.619000,5,6,2370,55
1760917361.718383,108,28.484,38.691000,3712.310000,6,6,2370,55
1760917362.718153,109,28.466,39.123000,3751.433000,5,6,2370,55
1760917363.718155,110,28.449,39.114000,3790.547000,6,6,2370,55
1760917364.718279,111,28.525,39.083000,3829.630000,6,6,2370,55
1760917365.718144,112,28.488,39.403000,3869.033000,5,6,2370,55
1760917366.718084,113,28.499,39.823000,3908.856000,6,6,2370,55
1760917367.718039,114,28.573,30.992000,3939.848000,6,6,2370,55
1760917368.718141,115,28.511,31.234000,3971.082000,6,6,2370,55
1760917369.718135,116,28.467,31.366000,4002.448000,6,6,2370,55
1760917370.718043,117,28.427,31.387000,4033.835000,6,6,2370,55
1760917371.718146,118,28.458,31.319000,4065.154000,6,6,2370,55
1760917372.718152,119,28.490,31.360000,4096.514000,5,6,2370,55
1760917373.718073,120,28.476,31.333000,4127.847000,6,6,2370,55
1760917374.718098,121,28.507,31.340000,4159.187000,5,6,2370,55
1760917375.718146,122,28.493,31.114000,4190.301000,6,6,2370,55
1760917376.718145,123,28.573,31.252000,4221.553000,6,6,2370,55
1760917377.718180,124,28.417,31.300000,4252.853000,6,6,2370,55
1760917378.718155,125,28.444,31.357000,4284.210000,6,6,2370,55
1760917379.718152,126,28.457,31.468000,4315.678000,5,6,2370,55
1760917380.718151,127,28.505,31.295000,4346.973000,5,6,2370,55
1760917381.718305,128,28.478,31.611000,4378.584000,5,6,2370,55
1760917382.718154,129,28.450,31.804000,4410.388000,6,6,2370,55
1760917383.718192,130,28.456,31.604000,4441.992000,6,6,2370,55
1760917384.718161,131,28.596,32.053000,4474.045000,5,6,2370,55
1760917385.718335,132,28.416,32.218000,4506.263000,6,6,2370,55
1760917386.718038,133,28.497,32.382000,4538.645000,6,6,2370,55
1760917387.718080,134,28.443,32.481000,4571.126000,6,6,2370,55
1760917388.718151,135,28.470,32.566000,4603.692000,6,6,2370,55
1760917389.718477,136,28.452,32.901000,4636.593000,5,6,2370,55
1760917390.718161,137,28.451,33.308000,4669.901000,6,6,2370,55
1760917391.718187,138,28.482,33.168000,4703.069000,5,6,2370,55
1760917392.718143,139,28.624,33.248000,4736.317000,6,6,2370,55
1760917393.718102,140,28.485,33.620000,4769.937000,6,6,2370,55
1760917394.718151,141,28.463,33.811000,4803.748000,6,6,2370,55
1760917395.718038,142,28.483,34.117000,4837.865000,5,6,2370,55
1760917396.718041,143,28.432,34.007000,4871.872000,5,6,2370,55
1760917397.718234,144,28.468,34.421000,4906.293000,6,6,2370,55
1760917398.718041,145,28.450,34.808000,4941.101000,5,6,2370,55
1760917399.718142,146,28.437,34.757000,4975.858000,5,6,2370,55
1760917400.718139,147,28.534,34.615000,5010.473000,6,6,2370,55
1760917401.718157,148,28.513,35.258000,5045.731000,5,6,2370,55
1760917402.718153,149,28.485,35.510000,5081.241000,5,6,2370,55
1760917403.718480,150,28.470,35.522000,5116.763000,5,6,2370,55
1760917404.718150,151,28.442,35.864000,5152.627000,6,6,2370,55
1760917405.718089,152,28.546,36.076000,5188.703000,6,6,2370,55
1760917406.718144,153,28.488,36.274000,5224.977000,6,6,2370,55
1760917407.718144,154,28.461,36.447000,5261.424000,5,6,2370,55
1760917408.718139,155,28.570,36.368000,5297.792000,6,6,2370,55
1760917409.718147,156,28.486,36.914000,5334.706000,6,6,2370,55
1760917410.718049,157,28.460,37.043000,5371.749000,6,6,2370,55
1760917411.718146,158,28.433,36.966000,5408.715000,6,6,2370,55
1760917412.718139,159,28.427,37.307000,5446.022000,5,6,2370,55
1760917413.718148,160,28.497,37.554000,5483.576000,6,6,2370,55
1760917414.718135,161,28.486,37.953000,5521.529000,5,6,2370,55
1760917415.718150,162,28.430,37.993000,5559.522000,7,6,2370,55
1760917416.718070,163,28.464,37.902000,5597.424000,6,6,2370,55
1760917417.718273,164,28.499,38.198000,5635.622000,5,6,2370,55
1760917418.718149,165,28.487,38.754000,5674.376000,5,6,2370,55
1760917419.718140,166,28.446,38.626000,5713.002000,6,6,2370,55
1760917420.718161,167,28.482,38.854000,5751.856000,6,6,2370,55
1760917421.718154,168,28.483,39.174000,5791.030000,5,6,2370,55
1760917422.718142,169,28.555,39.504000,5830.534000,5,6,2370,55
1760917423.718155,170,28.504,39.632000,5870.166000,5,6,2370,55
1760917424.718148,171,28.492,39.521000,5909.687000,5,6,2370,55
1760917425.718445,172,28.633,31.327000,5941.014000,5,6,2370,55
1760917426.718085,173,28.531,31.285000,5972.299000,5,6,2370,55
1760917427.718350,174,28.471,31.194000,6003.493000,6,6,2370,55
1760917428.718195,175,28.427,31.312000,6034.805000,5,6,2370,55
1760917429.718153,176,28.494,31.380000,6066.185000,6,6,2370,55
1760917430.718155,177,28.455,31.482000,6097.667000,5,6,2370,55
1760917431.718151,178,28.508,31.470000,6129.137000,5,6,2370,55
1760917432.718040,179,28.402,31.174000,6160.311000,5,6,2370,55
1760917433.718386,180,28.655,31.069000,6191.380000,6,6,2358,55
1760917434.718158,181,28.554,30.888000,6222.268000,6,6,2358,55
1760917435.718380,182,28.469,31.060000,6253.328000,6,6,2358,55
1760917436.718379,183,28.577,30.903000,6284.231000,7,6,2358,55
1760917437.718154,184,28.563,31.088000,6315.319000,6,6,2358,55
