ts,t_rel_s,power_w,energy_j_this_sec,energy_j_total,gpu_util_percent,mem_util_percent,mem_used_MiB,temp_c
1760257433.522930,0,24.367,0.000000,0.000000,9,8,1595,50
1760257434.522865,1,28.829,31.543000,31.543000,7,7,1919,51
1760257435.522817,2,29.311,40.147000,71.690000,7,7,2321,51
1760257436.522817,3,29.734,40.928000,112.618000,7,8,2429,51
1760257437.523021,4,29.909,40.986000,153.604000,6,7,2429,52
1760257438.522985,5,29.757,32.508000,186.112000,6,7,2429,52
1760257439.522926,6,29.601,32.319000,218.431000,6,7,2429,52
1760257440.523045,7,29.340,32.087000,250.518000,6,7,2429,52
1760257441.522865,8,29.321,32.111000,282.629000,7,7,2429,52
1760257442.522918,9,29.490,32.189000,314.818000,7,7,2429,52
1760257443.522884,10,29.249,31.988000,346.806000,7,8,2429,52
1760257444.522941,11,29.071,31.762000,378.568000,6,7,2429,52
1760257445.522882,12,29.239,32.013000,410.581000,6,7,2429,52
1760257446.522940,13,29.634,32.412000,442.993000,7,8,2429,52
1760257447.522927,14,29.809,32.595000,475.588000,7,8,2429,52
1760257448.522837,15,29.825,32.544000,508.132000,6,7,2429,53
1760257449.522929,16,29.970,32.707000,540.839000,6,7,2429,53
1760257450.522819,17,29.884,32.696000,573.535000,6,8,2429,53
1760257451.522924,18,29.617,32.290000,605.825000,6,7,2429,53
1760257452.522815,19,29.693,32.651000,638.476000,7,8,2429,53
1760257453.522816,20,29.726,32.911000,671.387000,6,7,2429,53
1760257454.523029,21,29.711,33.015000,704.402000,6,7,2429,53
1760257455.522936,22,29.840,33.624000,738.026000,7,8,2429,53
1760257456.522926,23,29.926,33.654000,771.680000,6,7,2429,53
1760257457.522815,24,29.845,33.719000,805.399000,7,8,2429,53
1760257458.522916,25,29.538,33.328000,838.727000,5,6,2429,53
1760257459.522831,26,29.403,33.597000,872.324000,7,7,2429,53
1760257460.522819,27,29.375,33.576000,905.900000,7,8,2429,53
1760257461.523171,28,29.404,33.842000,939.742000,7,8,2429,54
1760257462.522819,29,29.573,34.362000,974.104000,7,8,2429,54
1760257463.522815,30,29.608,34.459000,1008.563000,7,8,2429,54
1760257464.522814,31,29.660,34.553000,1043.116000,7,8,2429,54
1760257465.522911,32,29.625,34.740000,1077.856000,7,8,2429,54
1760257466.522934,33,29.715,35.165000,1113.021000,6,7,2429,54
1760257467.522938,34,29.715,35.446000,1148.467000,7,8,2429,54
1760257468.522870,35,29.935,35.786000,1184.253000,7,8,2429,54
1760257469.522966,36,29.762,35.680000,1219.933000,6,8,2429,54
1760257470.522964,37,29.901,36.177000,1256.110000,6,7,2429,54
1760257471.522924,38,30.074,36.502000,1292.612000,7,8,2429,54
1760257472.522885,39,30.276,36.778000,1329.390000,7,8,2429,54
1760257473.523034,40,30.482,37.228000,1366.618000,7,7,2429,54
1760257474.522878,41,30.652,37.675000,1404.293000,6,7,2429,54
1760257475.522944,42,30.700,37.802000,1442.095000,8,9,2429,54
1760257476.522918,43,30.514,37.845000,1479.940000,8,8,2429,55
1760257477.522834,44,30.341,37.774000,1517.714000,8,8,2429,55
1760257478.522815,45,30.275,37.839000,1555.553000,7,8,2429,55
1760257479.523247,46,30.202,37.989000,1593.542000,7,8,2429,55
1760257480.522936,47,29.754,37.973000,1631.515000,6,7,2429,55
1760257481.522926,48,29.852,38.162000,1669.677000,5,6,2429,55
1760257482.522839,49,30.020,38.513000,1708.190000,7,7,2429,55
1760257483.522948,50,29.799,38.482000,1746.672000,7,7,2429,55
1760257484.522821,51,29.923,38.826000,1785.498000,6,7,2429,55
1760257485.522814,52,29.907,38.832000,1824.330000,6,7,2429,55
1760257486.523108,53,30.262,39.598000,1863.928000,6,7,2429,55
1760257487.523130,54,30.450,40.275000,1904.203000,7,8,2429,55
1760257488.523099,55,30.589,40.468000,1944.671000,8,8,2429,55
1760257489.522815,56,30.357,40.125000,1984.796000,7,8,2429,55
1760257490.522958,57,30.051,39.915000,2024.711000,6,7,2429,55
1760257491.523140,58,30.166,40.438000,2065.149000,6,8,2429,55
1760257492.522988,59,30.211,40.765000,2105.914000,6,8,2429,55
1760257493.522922,60,29.810,40.359000,2146.273000,8,8,2429,55
1760257494.522934,61,29.707,40.333000,2186.606000,7,7,2429,55
1760257495.522977,62,29.849,40.884000,2227.490000,7,8,2429,55
1760257496.523014,63,30.241,41.444000,2268.934000,6,7,2429,55
1760257497.522930,64,30.455,33.237000,2302.171000,6,8,2429,55
1760257498.522943,65,30.509,33.162000,2335.333000,7,8,2429,55
1760257499.522933,66,30.329,33.096000,2368.429000,7,8,2429,55
1760257500.522816,67,30.213,32.923000,2401.352000,6,7,2429,55
1760257501.522917,68,30.197,32.892000,2434.244000,7,8,2429,55
1760257502.522839,69,30.281,32.991000,2467.235000,6,7,2429,55
1760257503.523026,70,30.188,32.968000,2500.203000,7,8,2429,55
1760257504.522815,71,30.311,33.098000,2533.301000,6,7,2429,55
1760257505.522939,72,30.437,33.153000,2566.454000,7,8,2429,55
1760257506.523056,73,29.966,32.629000,2599.083000,6,7,2429,55
1760257507.523100,74,29.831,32.727000,2631.810000,7,8,2429,55
1760257508.522872,75,30.119,32.789000,2664.599000,7,8,2429,55
1760257509.522927,76,30.368,33.175000,2697.774000,6,8,2429,55
1760257510.523074,77,30.417,33.133000,2730.907000,6,8,2429,55
1760257511.522936,78,30.368,33.455000,2764.362000,7,8,2429,55
1760257512.522968,79,30.488,33.603000,2797.965000,7,8,2429,55
1760257513.522930,80,30.324,33.671000,2831.636000,6,7,2429,55
1760257514.522940,81,30.131,33.865000,2865.501000,6,7,2429,55
1760257515.522815,82,30.286,33.963000,2899.464000,7,8,2429,55
1760257516.523049,83,30.433,34.082000,2933.546000,7,8,2429,55
1760257517.522930,84,30.493,34.480000,2968.026000,7,8,2429,55
1760257518.522832,85,30.456,34.545000,3002.571000,7,7,2429,55
1760257519.522860,86,30.520,34.660000,3037.231000,7,8,2429,55
1760257520.522937,87,30.599,35.063000,3072.294000,6,8,2429,56
1760257521.523131,88,30.492,35.169000,3107.463000,6,8,2429,56
1760257522.522860,89,30.512,35.390000,3142.853000,6,8,2429,56
1760257523.522929,90,30.393,35.349000,3178.202000,7,8,2429,55
1760257524.522919,91,30.456,35.647000,3213.849000,8,8,2429,56
1760257525.522933,92,30.466,35.783000,3249.632000,7,8,2429,55
1760257526.522817,93,30.419,35.849000,3285.481000,7,8,2429,56
1760257527.522962,94,30.530,36.136000,3321.617000,7,8,2429,55
1760257528.522839,95,30.413,36.350000,3357.967000,7,8,2429,56
1760257529.522917,96,30.287,36.380000,3394.347000,7,8,2429,56
1760257530.523059,97,30.230,36.506000,3430.853000,7,8,2539,55
1760257531.522832,98,30.280,36.905000,3467.758000,8,8,2023,56
1760257532.522819,99,30.334,36.955000,3504.713000,6,7,2023,56
1760257533.522921,100,30.625,37.434000,3542.147000,10,9,2267,56
1760257534.523060,101,30.413,37.343000,3579.490000,7,8,2429,56
1760257535.522976,102,30.244,37.592000,3617.082000,7,8,2429,56
1760257536.523230,103,30.475,37.883000,3654.965000,7,8,2429,56
1760257537.522946,104,30.538,38.248000,3693.213000,8,8,2429,56
1760257538.523032,105,30.362,38.148000,3731.361000,7,8,2429,56
1760257539.522815,106,30.188,38.262000,3769.623000,7,8,2429,55
1760257540.522820,107,29.963,38.089000,3807.712000,7,8,2429,56
1760257541.523032,108,30.109,38.428000,3846.140000,7,7,2429,56
1760257542.522929,109,30.159,38.867000,3885.007000,6,8,2429,56
1760257543.522935,110,30.123,38.961000,3923.968000,7,8,2429,56
1760257544.522815,111,30.285,39.252000,3963.220000,7,8,2429,55
1760257545.522914,112,30.338,39.349000,4002.569000,7,8,2429,56
1760257546.522875,113,30.351,39.663000,4042.232000,6,7,2429,56
1760257547.523151,114,30.244,39.739000,4081.971000,6,8,2429,56
1760257548.523109,115,30.498,40.404000,4122.375000,7,8,2429,56
1760257549.523165,116,30.575,40.658000,4163.033000,7,8,2429,56
1760257550.522912,117,30.540,40.803000,4203.836000,6,8,2429,56
1760257551.523264,118,30.553,40.774000,4244.610000,7,8,2429,56
1760257552.522938,119,30.238,40.839000,4285.449000,7,8,2429,56
1760257553.523169,120,30.378,41.085000,4326.534000,7,8,2429,56
1760257554.523266,121,30.413,41.363000,4367.897000,6,8,2429,56
1760257555.522936,122,30.339,33.055000,4400.952000,6,8,2429,56
1760257556.522925,123,30.214,32.964000,4433.916000,6,8,2429,56
1760257557.523253,124,30.411,33.090000,4467.006000,7,8,2429,56
1760257558.522930,125,30.127,32.826000,4499.832000,6,7,2429,56
1760257559.522932,126,30.020,32.829000,4532.661000,6,7,2429,56
1760257560.522924,127,29.489,32.151000,4564.812000,7,8,2429,56
1760257561.523119,128,29.408,32.103000,4596.915000,7,8,2429,56
1760257562.522932,129,29.446,32.167000,4629.082000,7,8,2429,56
1760257563.523111,130,29.702,32.374000,4661.456000,6,7,2429,56
1760257564.522838,131,29.522,32.289000,4693.745000,7,8,2429,56
1760257565.523187,132,29.649,32.360000,4726.105000,6,7,2429,56
1760257566.522937,133,29.473,32.232000,4758.337000,6,8,2539,56
1760257567.522836,134,29.261,32.023000,4790.360000,6,7,2023,56
1760257568.522916,135,29.597,32.390000,4822.750000,10,8,1692,56
1760257569.522925,136,30.481,34.242000,4856.992000,12,8,1861,56
1760257570.522945,137,31.153,33.982000,4890.974000,7,8,2429,56
1760257571.522913,138,30.314,33.362000,4924.336000,7,7,2429,56
1760257572.522926,139,30.623,33.847000,4958.183000,7,8,2429,56
1760257573.522923,140,30.693,34.276000,4992.459000,7,8,2429,56
1760257574.522891,141,30.753,34.403000,5026.862000,7,8,2429,56
1760257575.522877,142,30.610,34.286000,5061.148000,8,8,2429,56
1760257576.522924,143,30.371,34.204000,5095.352000,7,8,2429,56
1760257577.522816,144,30.327,34.345000,5129.697000,7,8,2429,56
1760257578.522985,145,30.202,34.199000,5163.896000,7,7,2429,56
1760257579.522930,146,30.335,34.727000,5198.623000,7,8,2429,56
1760257580.522961,147,30.593,35.153000,5233.776000,7,8,2429,56
1760257581.522927,148,30.158,34.911000,5268.687000,7,7,2429,56
1760257582.522838,149,30.017,35.093000,5303.780000,7,8,2429,56
1760257583.522920,150,29.807,34.839000,5338.619000,6,7,2429,56
1760257584.523173,151,29.546,34.865000,5373.484000,6,7,2429,56
1760257585.522815,152,29.672,35.364000,5408.848000,6,7,2429,56
1760257586.522927,153,30.198,35.848000,5444.696000,7,8,2429,56
1760257587.522947,154,30.350,36.254000,5480.950000,6,7,2429,56
1760257588.522827,155,30.448,36.589000,5517.539000,7,8,2429,56
1760257589.522925,156,30.482,36.611000,5554.150000,7,8,2429,56
1760257590.522946,157,30.465,36.940000,5591.090000,7,8,2429,56
1760257591.522833,158,30.554,37.110000,5628.200000,7,8,2429,56
1760257592.522934,159,30.454,37.204000,5665.404000,7,8,2429,56
1760257593.522839,160,30.492,37.446000,5702.850000,7,8,2429,56
1760257594.522930,161,29.702,36.787000,5739.637000,6,7,2429,56
1760257595.522995,162,29.754,37.176000,5776.813000,8,8,2429,56
1760257596.522938,163,30.072,37.755000,5814.568000,7,8,2429,56
1760257597.522819,164,29.989,37.658000,5852.226000,6,7,2429,56
1760257598.522838,165,29.991,37.920000,5890.146000,7,8,2429,56
1760257599.522914,166,29.981,37.957000,5928.103000,6,7,2429,56
1760257600.522933,167,29.890,38.251000,5966.354000,6,7,2429,56
1760257601.522815,168,29.778,38.394000,6004.748000,6,7,2429,56
1760257602.522833,169,29.884,38.539000,6043.287000,7,8,2429,56
1760257603.522832,170,29.823,38.646000,6081.933000,6,7,2429,56
1760257604.522839,171,29.961,39.026000,6120.959000,7,8,2429,56
1760257605.522885,172,30.103,39.385000,6160.344000,6,7,2429,56
1760257606.522832,173,30.140,39.626000,6199.970000,6,8,2429,56
1760257607.522912,174,30.182,39.777000,6239.747000,5,7,2429,56
1760257608.522932,175,30.191,39.976000,6279.723000,6,8,2429,56
1760257609.523137,176,29.946,40.046000,6319.769000,7,8,2429,56
1760257610.522917,177,29.993,40.363000,6360.132000,7,8,2429,56
1760257611.522945,178,29.924,40.238000,6400.370000,7,8,2429,56
1760257612.522835,179,29.956,40.550000,6440.920000,7,8,2429,56
1760257613.523182,180,29.906,40.637000,6481.557000,6,7,2429,56
1760257614.522828,181,30.121,41.279000,6522.836000,6,8,2649,56
1760257615.522923,182,30.381,41.521000,6564.357000,7,8,1617,56
1760257616.522838,183,30.470,33.219000,6597.576000,7,8,1617,56
1760257617.522815,184,30.718,33.484000,6631.060000,6,8,1617,56
