ts,t_rel_s,power_w,energy_j_this_sec,energy_j_total,gpu_util_percent,mem_util_percent,mem_used_MiB,temp_c
1760216212.432131,0,24.649,0.000000,0.000000,5,6,813,52
1760216213.432250,1,27.863,38.270000,38.270000,7,6,1520,53
1760216214.432126,2,27.648,37.191000,75.461000,6,7,1641,53
1760216215.432129,3,28.894,38.826000,114.287000,6,7,2469,53
1760216216.432236,4,27.983,37.940000,152.227000,6,7,2469,53
1760216217.432569,5,28.003,38.303000,190.530000,7,7,2469,53
1760216218.432127,6,28.071,38.669000,229.199000,6,7,2469,52
1760216219.432225,7,28.017,38.528000,267.727000,6,7,2469,52
1760216220.432168,8,27.972,38.842000,306.569000,6,7,2469,53
1760216221.432150,9,27.824,38.656000,345.225000,6,7,2469,52
1760216222.432245,10,27.728,38.643000,383.868000,6,6,2469,52
1760216223.432340,11,27.808,30.575000,414.443000,6,6,2469,52
1760216224.432151,12,27.795,30.837000,445.280000,5,6,2469,52
1760216225.432125,13,27.823,31.012000,476.292000,5,7,2469,52
1760216226.432232,14,27.867,30.824000,507.116000,6,7,2469,53
1760216227.432220,15,28.018,30.929000,538.045000,6,7,2469,53
1760216228.432153,16,27.978,30.836000,568.881000,6,7,2469,53
1760216229.432298,17,27.966,30.771000,599.652000,6,7,2469,53
1760216230.432134,18,27.960,30.737000,630.389000,6,7,2469,53
1760216231.432156,19,28.071,30.928000,661.317000,6,7,2469,53
1760216232.432125,20,28.049,30.867000,692.184000,6,7,2469,53
1760216233.432165,21,28.110,30.990000,723.174000,6,7,2469,53
1760216234.432376,22,28.025,30.846000,754.020000,5,6,2469,53
1760216235.432165,23,28.116,30.954000,784.974000,6,7,2469,53
1760216236.432167,24,28.073,31.036000,816.010000,6,7,2469,53
1760216237.432143,25,28.176,31.195000,847.205000,6,7,2469,53
1760216238.432168,26,28.131,31.299000,878.504000,6,7,2469,53
1760216239.432230,27,28.121,31.517000,910.021000,6,7,2469,53
1760216240.432234,28,28.087,31.600000,941.621000,7,7,2469,53
1760216241.432147,29,28.127,31.880000,973.501000,6,7,2469,53
1760216242.432234,30,27.914,31.451000,1004.952000,6,7,2469,54
1760216243.432327,31,27.970,31.719000,1036.671000,6,7,2469,53
1760216244.432157,32,28.020,32.215000,1068.886000,7,7,2469,53
1760216245.432334,33,28.078,32.378000,1101.264000,6,7,2469,54
1760216246.432150,34,28.005,32.493000,1133.757000,7,7,2469,54
1760216247.432126,35,28.032,32.697000,1166.454000,6,7,2469,54
1760216248.432154,36,28.019,32.840000,1199.294000,6,7,2469,54
1760216249.432234,37,27.967,32.914000,1232.208000,6,7,2469,54
1760216250.432218,38,28.019,33.075000,1265.283000,6,7,2469,54
1760216251.432148,39,28.074,33.526000,1298.809000,5,7,2469,54
1760216252.432163,40,28.161,33.925000,1332.734000,6,6,2469,54
1760216253.432150,41,28.058,33.954000,1366.688000,5,6,2469,54
1760216254.432150,42,28.198,34.162000,1400.850000,6,7,2469,54
1760216255.432160,43,28.227,34.398000,1435.248000,6,7,2469,54
1760216256.432166,44,28.273,34.527000,1469.775000,6,7,2469,54
1760216257.432163,45,28.395,34.702000,1504.477000,6,7,2469,54
1760216258.432127,46,28.460,35.027000,1539.504000,6,7,2469,54
1760216259.432355,47,28.388,35.197000,1574.701000,7,7,2469,54
1760216260.432167,48,28.199,35.799000,1610.500000,6,7,2469,54
1760216261.432157,49,28.164,35.877000,1646.377000,6,7,2469,54
1760216262.432165,50,28.240,35.825000,1682.202000,6,7,2469,54
1760216263.432157,51,28.300,35.851000,1718.053000,6,7,2469,54
1760216264.432165,52,28.339,36.252000,1754.305000,7,7,2469,54
1760216265.432142,53,28.327,36.438000,1790.743000,5,6,2469,54
1760216266.432156,54,28.387,36.759000,1827.502000,5,6,2469,54
1760216267.432236,55,28.361,36.845000,1864.347000,6,7,2469,54
1760216268.432231,56,28.280,37.136000,1901.483000,6,6,2469,54
1760216269.432171,57,28.249,37.226000,1938.709000,6,6,2469,54
1760216270.432354,58,28.334,37.365000,1976.074000,6,7,2469,54
1760216271.432482,59,28.266,37.573000,2013.647000,6,7,2469,54
1760216272.432127,60,28.324,37.914000,2051.561000,6,7,2469,54
1760216273.432157,61,28.312,37.712000,2089.273000,6,7,2469,54
1760216274.432351,62,28.363,37.902000,2127.175000,6,7,2469,54
1760216275.432271,63,28.311,38.409000,2165.584000,6,7,2469,54
1760216276.432163,64,28.334,38.547000,2204.131000,6,7,2469,54
1760216277.432233,65,28.309,38.529000,2242.660000,6,7,2469,54
1760216278.432165,66,28.274,38.702000,2281.362000,5,6,2469,54
1760216279.432161,67,28.180,38.708000,2320.070000,6,6,2469,54
1760216280.432151,68,28.162,39.040000,2359.110000,6,6,2469,54
1760216281.432127,69,28.208,39.439000,2398.549000,5,6,2469,54
1760216282.432241,70,28.381,39.825000,2438.374000,6,7,2469,54
1760216283.432249,71,28.307,31.183000,2469.557000,6,7,2469,54
1760216284.432260,72,28.246,31.056000,2500.613000,5,7,2469,54
1760216285.432164,73,28.279,31.191000,2531.804000,6,7,2469,54
1760216286.432159,74,28.287,31.225000,2563.029000,7,7,2469,55
1760216287.432148,75,28.287,31.106000,2594.135000,6,7,2469,55
1760216288.432167,76,28.355,31.142000,2625.277000,6,7,2469,55
1760216289.432157,77,28.399,31.073000,2656.350000,6,7,2469,55
1760216290.432152,78,28.294,31.401000,2687.751000,6,7,2469,55
1760216291.432163,79,28.340,31.261000,2719.012000,6,7,2469,55
1760216292.432148,80,28.479,31.368000,2750.380000,6,7,2469,55
1760216293.432170,81,28.525,31.377000,2781.757000,7,7,2469,55
1760216294.432168,82,28.442,31.361000,2813.118000,6,7,2469,55
1760216295.432236,83,28.372,31.312000,2844.430000,6,7,2469,55
1760216296.432124,84,28.259,31.199000,2875.629000,5,6,2469,55
1760216297.432227,85,28.335,31.404000,2907.033000,6,7,2469,55
1760216298.432127,86,28.254,31.415000,2938.448000,6,7,2469,55
1760216299.432144,87,28.199,31.610000,2970.058000,6,6,2469,55
1760216300.432130,88,28.157,31.841000,3001.899000,6,7,2469,55
1760216301.432124,89,28.217,32.159000,3034.058000,6,7,2469,55
1760216302.432233,90,28.219,31.908000,3065.966000,6,7,2469,55
1760216303.432156,91,28.364,32.343000,3098.309000,6,7,2469,55
1760216304.432125,92,28.363,32.252000,3130.561000,6,7,2469,55
1760216305.432358,93,28.387,32.582000,3163.143000,6,7,2469,55
1760216306.432231,94,28.387,33.038000,3196.181000,6,7,2469,55
1760216307.432480,95,28.404,33.225000,3229.406000,6,7,2469,55
1760216308.432163,96,28.426,33.744000,3263.150000,6,7,2469,55
1760216309.432127,97,28.367,33.361000,3296.511000,5,6,2469,55
1760216310.432146,98,28.416,33.749000,3330.260000,5,6,2579,55
1760216311.432273,99,28.291,33.939000,3364.199000,9,8,2428,55
1760216312.432152,100,28.640,34.414000,3398.613000,6,7,2055,55
1760216313.432142,101,28.348,34.232000,3432.845000,6,7,2055,55
1760216314.432314,102,28.436,34.439000,3467.284000,6,7,2070,55
1760216315.432358,103,28.650,35.884000,3503.168000,6,7,2469,55
1760216316.432228,104,28.016,34.643000,3537.811000,6,7,2469,55
1760216317.432342,105,28.302,35.104000,3572.915000,6,7,2469,55
1760216318.432151,106,28.282,35.222000,3608.137000,6,7,2469,55
1760216319.432216,107,28.343,35.203000,3643.340000,6,7,2469,55
1760216320.432249,108,28.116,35.321000,3678.661000,6,7,2579,55
1760216321.432365,109,28.535,36.012000,3714.673000,6,6,2055,55
1760216322.432154,110,28.432,36.157000,3750.830000,6,7,2055,55
1760216323.432245,111,28.614,36.426000,3787.256000,7,7,2355,55
1760216324.432343,112,28.113,36.321000,3823.577000,6,7,2469,55
1760216325.432124,113,28.073,36.290000,3859.867000,6,7,2469,55
1760216326.432126,114,28.274,36.623000,3896.490000,6,7,2469,55
1760216327.432162,115,28.305,36.867000,3933.357000,6,7,2469,55
1760216328.432253,116,28.253,37.213000,3970.570000,5,6,2469,55
1760216329.432222,117,28.209,37.360000,4007.930000,5,6,2469,55
1760216330.432169,118,28.222,37.370000,4045.300000,6,7,2469,55
1760216331.432252,119,28.304,37.541000,4082.841000,7,7,2469,54
1760216332.432126,120,28.173,37.732000,4120.573000,6,6,2469,54
1760216333.432163,121,28.194,37.750000,4158.323000,6,7,2469,54
1760216334.432155,122,28.164,37.966000,4196.289000,6,7,2469,54
1760216335.432403,123,28.267,38.136000,4234.425000,6,7,2469,54
1760216336.432390,124,28.201,38.540000,4272.965000,6,7,2469,54
1760216337.432156,125,28.188,38.715000,4311.680000,6,7,2469,54
1760216338.432222,126,28.189,38.735000,4350.415000,6,7,2469,54
1760216339.432289,127,28.250,38.932000,4389.347000,6,6,2469,54
1760216340.432230,128,28.220,39.229000,4428.576000,6,6,2469,54
1760216341.432143,129,28.243,30.954000,4459.530000,5,6,2469,54
1760216342.432127,130,28.184,31.150000,4490.680000,6,7,2469,54
1760216343.432164,131,28.203,31.324000,4522.004000,6,7,2469,54
1760216344.432142,132,28.172,31.325000,4553.329000,6,7,2469,54
1760216345.432128,133,28.122,31.103000,4584.432000,6,7,2469,54
1760216346.432281,134,28.081,31.250000,4615.682000,6,7,2469,54
1760216347.432295,135,28.188,31.351000,4647.033000,7,7,2469,54
1760216348.432222,136,28.199,31.061000,4678.094000,6,7,2469,54
1760216349.432309,137,28.192,31.050000,4709.144000,7,7,2469,54
1760216350.432150,138,28.111,31.139000,4740.283000,7,7,2469,54
1760216351.432125,139,28.106,31.061000,4771.344000,6,7,2469,54
1760216352.432140,140,28.020,30.964000,4802.308000,6,7,2469,54
1760216353.432166,141,28.074,30.910000,4833.218000,7,7,2469,54
1760216354.432345,142,28.056,31.004000,4864.222000,7,7,2469,54
1760216355.432168,143,28.099,31.092000,4895.314000,6,7,2469,54
1760216356.432167,144,28.030,31.194000,4926.508000,6,7,2469,54
1760216357.432260,145,27.981,31.121000,4957.629000,6,7,2469,54
1760216358.432154,146,28.122,31.578000,4989.207000,6,7,2469,54
1760216359.432504,147,28.171,32.009000,5021.216000,5,6,2469,54
1760216360.432156,148,28.125,32.100000,5053.316000,6,7,2469,55
1760216361.432255,149,27.906,31.845000,5085.161000,6,6,2579,54
1760216362.432222,150,28.283,32.394000,5117.555000,10,8,2055,55
1760216363.432230,151,28.277,32.416000,5149.971000,6,7,2055,55
1760216364.432155,152,28.184,32.569000,5182.540000,6,7,2055,55
1760216365.432139,153,28.606,33.122000,5215.662000,5,6,2270,55
1760216366.432148,154,28.673,33.311000,5248.973000,6,7,2469,55
1760216367.432225,155,28.393,33.304000,5282.277000,6,7,2469,55
1760216368.432453,156,28.548,33.842000,5316.119000,6,6,2469,55
1760216369.432262,157,28.492,34.035000,5350.154000,6,6,2469,55
1760216370.432164,158,28.343,33.945000,5384.099000,6,6,2469,55
1760216371.432242,159,28.316,34.133000,5418.232000,6,6,2469,55
1760216372.432128,160,28.293,34.306000,5452.538000,6,6,2469,54
1760216373.432126,161,28.317,34.493000,5487.031000,6,6,2469,54
1760216374.432167,162,28.199,34.488000,5521.519000,6,7,2469,54
1760216375.432170,163,28.242,34.682000,5556.201000,6,7,2469,54
1760216376.432251,164,28.269,34.814000,5591.015000,6,7,2469,54
1760216377.432143,165,28.333,35.230000,5626.245000,7,7,2469,54
1760216378.432297,166,28.147,35.216000,5661.461000,7,7,2469,54
1760216379.432240,167,28.152,35.555000,5697.016000,7,7,2469,54
1760216380.432159,168,28.191,35.677000,5732.693000,6,7,2469,54
1760216381.432240,169,28.127,35.683000,5768.376000,7,7,2469,54
1760216382.432292,170,28.202,36.030000,5804.406000,6,7,2469,54
1760216383.432150,171,28.261,36.265000,5840.671000,7,7,2469,54
1760216384.432168,172,28.260,36.212000,5876.883000,6,6,2469,54
1760216385.432158,173,28.138,36.410000,5913.293000,6,6,2469,54
1760216386.432163,174,28.126,36.509000,5949.802000,6,7,2469,54
1760216387.432141,175,28.170,36.754000,5986.556000,6,7,2469,54
1760216388.432221,176,28.268,37.077000,6023.633000,5,6,2469,54
1760216389.432150,177,28.274,37.289000,6060.922000,5,7,2469,55
1760216390.432158,178,28.253,37.528000,6098.450000,6,7,2469,55
1760216391.432434,179,28.192,37.654000,6136.104000,6,7,2469,55
1760216392.432168,180,28.388,38.226000,6174.330000,6,7,2469,55
1760216393.432165,181,28.259,38.278000,6212.608000,6,7,2469,54
1760216394.432581,182,28.164,38.262000,6250.870000,6,7,2469,54
1760216395.432167,183,28.148,38.875000,6289.745000,7,7,2469,55
1760216396.432563,184,28.199,38.706000,6328.451000,7,7,2469,54
