ts,t_rel_s,power_w,energy_j_this_sec,energy_j_total,gpu_util_percent,mem_util_percent,mem_used_MiB,temp_c
1760304763.282386,0,24.175,0.000000,0.000000,9,8,1735,48
1760304764.282407,1,30.645,33.499000,33.499000,8,8,2235,49
1760304765.282404,2,30.704,41.436000,74.935000,9,9,2722,50
1760304766.282417,3,30.676,41.725000,116.660000,8,8,2899,50
1760304767.282476,4,30.997,33.820000,150.480000,8,8,2899,50
1760304768.282378,5,30.968,33.638000,184.118000,7,8,2899,50
1760304769.282415,6,30.865,33.622000,217.740000,7,8,2899,50
1760304770.282414,7,30.987,33.734000,251.474000,8,8,2899,50
1760304771.282375,8,30.802,33.450000,284.924000,7,8,2899,50
1760304772.282398,9,30.363,33.123000,318.047000,6,8,2899,51
1760304773.282413,10,29.790,32.502000,350.549000,6,7,2899,51
1760304774.282696,11,29.511,32.286000,382.835000,6,8,2899,51
1760304775.282405,12,29.264,32.172000,415.007000,6,8,2899,51
1760304776.282399,13,30.441,33.211000,448.218000,8,8,2899,51
1760304777.282480,14,30.993,33.879000,482.097000,8,8,2899,51
1760304778.282412,15,30.905,33.693000,515.790000,8,9,2899,51
1760304779.282404,16,31.000,33.616000,549.406000,7,8,2899,51
1760304780.282374,17,31.116,33.840000,583.246000,6,8,2899,52
1760304781.282760,18,30.998,33.900000,617.146000,6,7,2899,52
1760304782.282378,19,30.931,34.517000,651.663000,7,8,2899,52
1760304783.282392,20,31.084,34.335000,685.998000,7,8,2899,52
1760304784.282375,21,30.772,34.127000,720.125000,8,9,2899,52
1760304785.282393,22,30.858,34.427000,754.552000,7,8,2899,52
1760304786.282391,23,30.813,34.375000,788.927000,6,8,2899,52
1760304787.282496,24,30.884,34.650000,823.577000,8,9,2899,52
1760304788.282475,25,30.624,34.558000,858.135000,8,8,2899,52
1760304789.282622,26,30.357,34.533000,892.668000,7,9,2899,53
1760304790.282415,27,30.363,34.881000,927.549000,6,8,2899,52
1760304791.282404,28,30.373,34.942000,962.491000,8,9,2899,53
1760304792.282413,29,30.469,35.126000,997.617000,7,8,2899,53
1760304793.282487,30,30.642,35.612000,1033.229000,7,8,2899,53
1760304794.282414,31,30.719,35.883000,1069.112000,8,9,2899,53
1760304795.282414,32,30.664,35.915000,1105.027000,7,8,2899,53
1760304796.282402,33,30.792,36.232000,1141.259000,7,8,2899,53
1760304797.282475,34,31.143,36.868000,1178.127000,8,9,2899,53
1760304798.282482,35,31.562,37.372000,1215.499000,8,9,2899,53
1760304799.282564,36,31.543,37.433000,1252.932000,7,9,2899,53
1760304800.282539,37,31.283,37.580000,1290.512000,6,8,2899,54
1760304801.282491,38,31.585,38.120000,1328.632000,8,9,2899,54
1760304802.282375,39,32.002,38.548000,1367.180000,7,8,2899,54
1760304803.282476,40,31.999,38.747000,1405.927000,6,8,2899,54
1760304804.282414,41,32.041,39.027000,1444.954000,8,9,2899,54
1760304805.282374,42,31.518,38.728000,1483.682000,7,8,2899,54
1760304806.282403,43,30.010,37.153000,1520.835000,6,7,2899,54
1760304807.282413,44,29.702,37.176000,1558.011000,6,8,2899,54
1760304808.282469,45,29.806,37.538000,1595.549000,5,7,2899,54
1760304809.282375,46,30.116,38.394000,1633.943000,7,9,2899,54
1760304810.282421,47,30.089,38.176000,1672.119000,7,8,2899,54
1760304811.282375,48,30.299,38.476000,1710.595000,7,8,2899,54
1760304812.282399,49,31.462,39.910000,1750.505000,8,8,2899,54
1760304813.282405,50,31.773,40.810000,1791.315000,7,9,2899,54
1760304814.282417,51,31.829,40.906000,1832.221000,7,9,2899,54
1760304815.282398,52,31.757,40.955000,1873.176000,8,9,2899,54
1760304816.282483,53,31.732,40.966000,1914.142000,8,9,2899,54
1760304817.282516,54,31.461,40.853000,1954.995000,7,8,2899,55
1760304818.282415,55,31.309,40.922000,1995.917000,7,8,2899,54
1760304819.282468,56,31.056,40.785000,2036.702000,7,8,2899,55
1760304820.282401,57,30.309,40.302000,2077.004000,7,8,2899,55
1760304821.282376,58,30.244,40.440000,2117.444000,7,8,2899,55
1760304822.282415,59,31.537,41.933000,2159.377000,7,8,2899,55
1760304823.282416,60,31.815,42.387000,2201.764000,7,9,2899,55
1760304824.282415,61,31.889,42.700000,2244.464000,8,9,2899,55
1760304825.282399,62,31.828,42.661000,2287.125000,6,8,2899,55
1760304826.282499,63,31.791,42.825000,2329.950000,6,8,2899,55
1760304827.282393,64,32.160,34.895000,2364.845000,7,8,2899,55
1760304828.282415,65,32.018,34.644000,2399.489000,7,8,2899,55
1760304829.282374,66,32.078,34.698000,2434.187000,7,8,2899,55
1760304830.282389,67,31.525,34.262000,2468.449000,5,8,2899,55
1760304831.282501,68,31.768,34.472000,2502.921000,8,9,2899,55
1760304832.282607,69,31.465,34.148000,2537.069000,7,8,2899,55
1760304833.282372,70,31.677,34.272000,2571.341000,6,8,2899,55
1760304834.282474,71,31.934,34.726000,2606.067000,6,8,2899,55
1760304835.282407,72,32.065,34.751000,2640.818000,8,9,2899,55
1760304836.282415,73,31.858,34.507000,2675.325000,7,8,2899,55
1760304837.282395,74,31.835,34.574000,2709.899000,7,8,2899,55
1760304838.282473,75,31.892,34.679000,2744.578000,7,9,2899,55
1760304839.282389,76,31.931,34.649000,2779.227000,7,9,2899,55
1760304840.282390,77,31.997,34.658000,2813.885000,6,8,2899,56
1760304841.282718,78,32.079,35.033000,2848.918000,7,8,2899,55
1760304842.282398,79,32.033,35.604000,2884.522000,8,9,2899,55
1760304843.282490,80,31.925,35.352000,2919.874000,7,8,2899,55
1760304844.282379,81,32.039,35.649000,2955.523000,7,8,2899,55
1760304845.282778,82,31.937,35.623000,2991.146000,7,8,2899,55
1760304846.282591,83,31.887,35.839000,3026.985000,7,8,2899,55
1760304847.282374,84,31.649,35.515000,3062.500000,7,8,2899,55
1760304848.282376,85,31.504,35.546000,3098.046000,7,8,2899,55
1760304849.282414,86,31.599,35.972000,3134.018000,7,8,2899,55
1760304850.282373,87,31.730,36.086000,3170.104000,7,8,2899,55
1760304851.282413,88,31.846,36.343000,3206.447000,7,9,2899,55
1760304852.282413,89,31.693,36.511000,3242.958000,7,8,2899,55
1760304853.282383,90,31.466,36.556000,3279.514000,8,9,2899,55
1760304854.282375,91,31.574,36.616000,3316.130000,7,9,2899,55
1760304855.282477,92,31.603,37.045000,3353.175000,7,8,2899,55
1760304856.282415,93,31.596,37.266000,3390.441000,7,9,2899,55
1760304857.282414,94,31.655,37.302000,3427.743000,7,8,2899,55
1760304858.282398,95,31.494,37.384000,3465.127000,7,8,2899,55
1760304859.282688,96,31.697,37.894000,3503.021000,7,9,2899,55
1760304860.282375,97,31.566,37.905000,3540.926000,7,8,2899,55
1760304861.282486,98,31.647,38.102000,3579.028000,7,9,2899,55
1760304862.282396,99,31.229,37.935000,3616.963000,6,8,2899,55
1760304863.282510,100,31.105,38.155000,3655.118000,6,7,2899,55
1760304864.282461,101,30.967,38.124000,3693.242000,8,10,2899,55
1760304865.282415,102,30.748,38.114000,3731.356000,7,8,2899,55
1760304866.282408,103,31.834,39.306000,3770.662000,7,8,2899,55
1760304867.282491,104,31.830,39.458000,3810.120000,6,8,2899,55
1760304868.282481,105,31.885,39.889000,3850.009000,6,8,2899,55
1760304869.282487,106,31.906,40.152000,3890.161000,7,9,2899,55
1760304870.282484,107,32.036,40.249000,3930.410000,7,8,2899,55
1760304871.282375,108,32.118,40.620000,3971.030000,6,8,2899,56
1760304872.282413,109,32.212,40.859000,4011.889000,8,9,2899,55
1760304873.282382,110,32.185,40.918000,4052.807000,8,9,2899,55
1760304874.282505,111,31.955,40.759000,4093.566000,7,8,2899,56
1760304875.282418,112,31.655,40.872000,4134.438000,6,7,2899,55
1760304876.282545,113,31.596,41.094000,4175.532000,7,9,2899,55
1760304877.282468,114,31.631,41.130000,4216.662000,6,8,2899,55
1760304878.282409,115,31.713,41.423000,4258.085000,6,8,2899,56
1760304879.282409,116,31.623,41.691000,4299.776000,7,9,2899,55
1760304880.282377,117,31.629,41.676000,4341.452000,7,8,2899,56
1760304881.282419,118,29.837,39.907000,4381.359000,7,8,2899,55
1760304882.282414,119,29.788,40.105000,4421.464000,7,9,2899,55
1760304883.282395,120,29.898,40.640000,4462.104000,7,9,2899,55
1760304884.282390,121,29.854,40.877000,4502.981000,7,9,2899,55
1760304885.282553,122,29.758,40.896000,4543.877000,6,8,3009,55
1760304886.282405,123,29.561,32.074000,4575.951000,7,8,2399,55
1760304887.282483,124,29.693,32.333000,4608.284000,7,8,2399,55
1760304888.282506,125,29.769,32.398000,4640.682000,10,10,2995,56
1760304889.282386,126,30.403,33.086000,4673.768000,9,9,2509,56
1760304890.282709,127,31.866,34.599000,4708.367000,8,9,1899,56
1760304891.282507,128,32.086,34.839000,4743.206000,7,8,2399,56
1760304892.282403,129,31.509,34.318000,4777.524000,8,9,2737,56
1760304893.282485,130,31.793,34.430000,4811.954000,8,9,2899,56
1760304894.282374,131,31.809,34.609000,4846.563000,6,8,2899,56
1760304895.282473,132,32.283,34.981000,4881.544000,7,8,2899,56
1760304896.282479,133,32.261,35.055000,4916.599000,7,8,2899,56
1760304897.282471,134,32.143,34.782000,4951.381000,7,8,2899,56
1760304898.282413,135,31.386,34.083000,4985.464000,6,8,2899,56
1760304899.282723,136,29.991,32.600000,5018.064000,7,8,2899,56
1760304900.282482,137,30.986,34.169000,5052.233000,7,8,2899,56
1760304901.282392,138,29.756,32.845000,5085.078000,6,8,2899,56
1760304902.282491,139,29.731,33.466000,5118.544000,8,9,2899,56
1760304903.282394,140,29.536,33.222000,5151.766000,6,7,2899,55
1760304904.282413,141,29.658,33.070000,5184.836000,8,8,2899,55
1760304905.282565,142,29.768,33.346000,5218.182000,8,8,2899,55
1760304906.282381,143,31.448,35.463000,5253.645000,8,9,2899,56
1760304907.282403,144,31.677,35.826000,5289.471000,8,9,2899,56
1760304908.282413,145,31.594,35.747000,5325.218000,8,9,2899,56
1760304909.282403,146,31.910,36.227000,5361.445000,6,8,2899,56
1760304910.282722,147,31.934,36.589000,5398.034000,7,8,2899,56
1760304911.282396,148,31.390,36.435000,5434.469000,7,8,2899,56
1760304912.282396,149,31.309,36.412000,5470.881000,7,8,2899,56
1760304913.282396,150,31.280,36.349000,5507.230000,7,8,2899,56
1760304914.282592,151,30.050,35.344000,5542.574000,8,9,2899,56
1760304915.282380,152,31.086,36.775000,5579.349000,6,8,2899,56
1760304916.282415,153,30.800,36.546000,5615.895000,7,8,2899,56
1760304917.282373,154,29.827,35.666000,5651.561000,6,7,2899,56
1760304918.282589,155,30.810,36.975000,5688.536000,8,9,2899,56
1760304919.282375,156,30.849,37.313000,5725.849000,7,8,2899,56
1760304920.282383,157,30.896,37.381000,5763.230000,8,8,2899,56
1760304921.282621,158,30.823,37.520000,5800.750000,7,8,2899,56
1760304922.282381,159,30.952,38.002000,5838.752000,8,9,2899,56
1760304923.282475,160,31.028,37.873000,5876.625000,8,8,2899,56
1760304924.282397,161,31.219,38.508000,5915.133000,8,9,2899,56
1760304925.282396,162,31.187,38.604000,5953.737000,8,9,2899,56
1760304926.282376,163,31.241,38.803000,5992.540000,8,9,2899,56
1760304927.282375,164,31.243,38.804000,6031.344000,7,8,2899,56
1760304928.282375,165,31.470,39.562000,6070.906000,7,9,2899,56
1760304929.282399,166,31.821,39.923000,6110.829000,7,8,3009,56
1760304930.282501,167,31.756,40.078000,6150.907000,7,8,2399,56
1760304931.282457,168,30.467,39.016000,6189.923000,6,8,2509,56
1760304932.282406,169,29.831,38.788000,6228.711000,12,9,2399,56
1760304933.282405,170,29.994,38.841000,6267.552000,7,8,2399,56
1760304934.282475,171,31.277,40.717000,6308.269000,7,8,2736,56
1760304935.282491,172,32.056,41.354000,6349.623000,8,9,2899,56
1760304936.282412,173,32.278,41.710000,6391.333000,8,8,2899,56
1760304937.282644,174,32.500,42.059000,6433.392000,6,8,2899,56
1760304938.282378,175,32.118,42.208000,6475.600000,7,8,2899,56
1760304939.282702,176,31.707,41.681000,6517.281000,8,9,2899,56
1760304940.282469,177,31.818,42.265000,6559.546000,7,9,2899,56
1760304941.282467,178,31.676,41.962000,6601.508000,7,8,2899,56
1760304942.282412,179,30.035,40.493000,6642.001000,6,8,2899,56
1760304943.282470,180,29.878,40.651000,6682.652000,6,8,2899,56
1760304944.282384,181,31.077,42.243000,6724.895000,7,8,2899,56
1760304945.282377,182,31.448,42.646000,6767.541000,7,8,2899,56
1760304946.282374,183,31.502,34.225000,6801.766000,8,9,2899,56
1760304947.282378,184,31.432,34.027000,6835.793000,7,8,2899,56
