ts,t_rel_s,power_w,energy_j_this_sec,energy_j_total,gpu_util_percent,mem_util_percent,mem_used_MiB,temp_c
1760915587.424104,0,14.767,0.000000,0.000000,0,0,1504,48
1760915588.424017,1,27.693,30.502000,30.502000,8,7,2004,48
1760915589.424216,2,27.632,30.449000,60.951000,10,7,2504,49
1760915590.424241,3,27.097,29.860000,90.811000,5,7,2504,49
1760915591.424390,4,27.864,30.710000,121.521000,6,6,2504,49
1760915592.424388,5,27.907,30.609000,152.130000,6,6,2504,49
1760915593.424112,6,27.892,30.421000,182.551000,5,6,2498,50
1760915594.424124,7,27.964,30.392000,212.943000,5,6,2492,50
1760915595.424188,8,27.907,30.707000,243.650000,6,6,2492,50
1760915596.423994,9,27.889,30.807000,274.457000,6,6,2492,50
1760915597.424192,10,27.876,30.704000,305.161000,6,6,2492,50
1760915598.424109,11,27.872,30.688000,335.849000,6,6,2492,51
1760915599.424095,12,27.955,30.521000,366.370000,6,6,2492,51
1760915600.424017,13,28.025,30.546000,396.916000,5,6,2492,51
1760915601.424031,14,27.944,30.796000,427.712000,6,6,2492,51
1760915602.424116,15,28.079,31.272000,458.984000,6,6,2492,51
1760915603.424101,16,27.994,31.580000,490.564000,6,6,2492,51
1760915604.424325,17,28.001,31.663000,522.227000,6,6,2492,51
1760915605.424193,18,28.014,32.034000,554.261000,6,7,2492,51
1760915606.424102,19,27.965,31.874000,586.135000,5,6,2492,52
1760915607.424468,20,28.166,31.893000,618.028000,6,6,2492,51
1760915608.424100,21,27.976,32.297000,650.325000,6,6,2492,52
1760915609.424016,22,28.040,32.295000,682.620000,6,6,2492,52
1760915610.424008,23,28.015,32.659000,715.279000,5,6,2492,52
1760915611.424116,24,28.028,32.632000,747.911000,6,6,2492,52
1760915612.424032,25,28.038,33.167000,781.078000,5,6,2492,52
1760915613.424101,26,28.111,32.944000,814.022000,6,6,2492,52
1760915614.424108,27,28.137,33.164000,847.186000,5,6,2492,52
1760915615.424015,28,28.140,33.448000,880.634000,5,6,2492,52
1760915616.424105,29,28.108,33.704000,914.338000,6,6,2492,52
1760915617.424021,30,28.168,34.124000,948.462000,6,6,2492,52
1760915618.424124,31,28.128,34.023000,982.485000,6,6,2492,52
1760915619.424101,32,28.160,34.265000,1016.750000,5,6,2492,53
1760915620.424153,33,28.144,34.235000,1050.985000,5,6,2492,52
1760915621.424109,34,28.096,34.148000,1085.133000,6,6,2492,53
1760915622.424115,35,28.195,34.524000,1119.657000,5,6,2492,52
1760915623.424300,36,28.131,35.064000,1154.721000,6,6,2492,53
1760915624.423992,37,28.076,35.383000,1190.104000,6,7,2492,53
1760915625.424292,38,28.111,35.150000,1225.254000,6,6,2492,53
1760915626.424101,39,28.195,35.825000,1261.079000,5,6,2492,53
1760915627.424107,40,28.189,35.934000,1297.013000,6,6,2492,53
1760915628.424222,41,28.215,35.563000,1332.576000,5,6,2492,53
1760915629.424325,42,28.233,36.009000,1368.585000,5,6,2492,53
1760915630.424117,43,28.229,36.107000,1404.692000,6,6,2492,53
1760915631.424379,44,28.154,36.548000,1441.240000,5,6,2492,53
1760915632.424114,45,28.203,36.945000,1478.185000,6,6,2492,53
1760915633.424107,46,28.201,36.790000,1514.975000,5,6,2492,53
1760915634.424119,47,28.230,36.968000,1551.943000,6,6,2492,53
1760915635.424397,48,28.147,37.235000,1589.178000,6,6,2492,53
1760915636.424139,49,28.245,37.166000,1626.344000,5,6,2492,53
1760915637.424252,50,28.267,37.419000,1663.763000,6,6,2492,53
1760915638.424088,51,28.214,37.383000,1701.146000,6,6,2492,53
1760915639.424104,52,28.188,37.847000,1738.993000,5,6,2492,53
1760915640.424118,53,28.241,38.046000,1777.039000,5,6,2492,53
1760915641.424011,54,28.259,38.263000,1815.302000,5,6,2492,54
1760915642.424024,55,28.257,38.368000,1853.670000,6,6,2492,54
1760915643.424116,56,28.238,38.439000,1892.109000,6,6,2492,54
1760915644.424279,57,28.287,38.574000,1930.683000,7,7,2492,54
1760915645.424105,58,28.340,39.102000,1969.785000,6,6,2492,54
1760915646.424244,59,28.301,38.931000,2008.716000,6,6,2492,54
1760915647.424122,60,28.250,39.399000,2048.115000,5,6,2492,54
1760915648.424292,61,28.284,39.503000,2087.618000,6,6,2492,54
1760915649.424001,62,28.394,31.228000,2118.846000,6,6,2492,54
1760915650.424319,63,28.348,31.185000,2150.031000,6,6,2492,54
1760915651.424152,64,28.326,31.121000,2181.152000,5,6,2492,54
1760915652.424404,65,28.309,30.810000,2211.962000,6,6,2492,54
1760915653.424171,66,28.338,31.074000,2243.036000,5,6,2492,54
1760915654.424340,67,28.309,30.879000,2273.915000,6,6,2492,54
1760915655.424109,68,28.261,31.255000,2305.170000,6,6,2492,54
1760915656.424105,69,28.328,31.163000,2336.333000,6,6,2492,54
1760915657.424105,70,28.358,31.246000,2367.579000,6,6,2492,54
1760915658.424115,71,28.347,31.108000,2398.687000,6,6,2492,54
1760915659.424014,72,28.298,31.105000,2429.792000,6,6,2492,54
1760915660.424108,73,28.405,30.864000,2460.656000,7,6,2492,54
1760915661.424095,74,28.402,31.097000,2491.753000,5,6,2492,54
1760915662.424396,75,28.347,31.031000,2522.784000,5,6,2492,54
1760915663.424029,76,28.343,31.590000,2554.374000,6,6,2492,54
1760915664.424121,77,28.337,31.307000,2585.681000,6,6,2492,54
1760915665.423994,78,28.498,31.816000,2617.497000,10,8,2498,54
1760915666.424113,79,28.412,31.730000,2649.227000,5,6,2498,54
1760915667.423994,80,28.362,31.953000,2681.180000,5,6,2498,54
1760915668.424110,81,28.431,34.706000,2715.886000,6,7,2498,54
1760915669.424213,82,28.379,28.553000,2744.439000,5,6,2498,54
1760915670.424102,83,28.397,28.543000,2772.982000,6,6,2492,54
1760915671.424088,84,28.320,28.843000,2801.825000,6,6,2492,54
1760915672.424004,85,28.378,28.584000,2830.409000,5,6,2492,54
1760915673.424156,86,28.420,28.738000,2859.147000,6,6,2492,55
1760915674.424107,87,28.436,29.168000,2888.315000,6,7,2492,54
1760915675.424116,88,28.384,29.201000,2917.516000,6,6,2492,54
1760915676.424013,89,28.437,29.340000,2946.856000,6,6,2492,54
1760915677.424126,90,28.484,29.935000,2976.791000,5,6,2492,55
1760915678.424012,91,28.492,29.948000,3006.739000,6,6,2492,55
1760915679.424126,92,28.463,29.858000,3036.597000,6,6,2602,55
1760915680.424188,93,28.533,30.623000,3067.220000,4,5,1992,55
1760915681.424103,94,28.179,30.065000,3097.285000,6,6,2034,55
1760915682.423994,95,24.845,24.739000,3122.024000,4,3,1492,55
1760915683.424031,96,28.687,31.262000,3153.286000,9,5,2498,55
1760915684.424118,97,28.589,28.839000,3182.125000,5,6,2498,55
1760915685.424302,98,28.562,28.937000,3211.062000,6,6,2498,55
1760915686.424021,99,28.607,28.956000,3240.018000,6,6,2498,55
1760915687.424010,100,28.410,29.367000,3269.385000,6,6,2498,55
1760915688.424132,101,28.466,29.393000,3298.778000,6,6,2492,55
1760915689.424345,102,28.385,29.776000,3328.554000,6,6,2492,55
1760915690.424017,103,28.344,30.198000,3358.752000,6,6,2492,55
1760915691.424391,104,28.497,29.986000,3388.738000,6,6,2492,55
1760915692.424101,105,28.425,30.558000,3419.296000,5,6,2492,55
1760915693.424036,106,28.375,30.337000,3449.633000,6,6,2492,55
1760915694.424126,107,28.607,30.340000,3479.973000,6,6,2492,55
1760915695.424014,108,28.454,30.786000,3510.759000,6,6,2492,55
1760915696.424261,109,28.434,30.830000,3541.589000,6,6,2492,55
1760915697.424013,110,28.416,31.227000,3572.816000,6,6,2492,55
1760915698.424109,111,28.406,31.466000,3604.282000,6,6,2492,55
1760915699.424302,112,28.434,31.416000,3635.698000,6,6,2492,55
1760915700.424394,113,28.458,31.881000,3667.579000,6,6,2492,55
1760915701.423995,114,28.485,31.981000,3699.560000,6,6,2492,55
1760915702.423997,115,28.526,31.636000,3731.196000,6,6,2492,55
1760915703.424527,116,28.390,32.147000,3763.343000,6,6,2492,55
1760915704.424015,117,28.449,32.327000,3795.670000,6,6,2492,55
1760915705.424034,118,28.366,32.621000,3828.291000,6,6,2492,55
1760915706.424392,119,28.343,33.013000,3861.304000,6,6,2492,55
1760915707.424035,120,28.436,33.088000,3894.392000,6,6,2492,55
1760915708.424035,121,28.417,33.161000,3927.553000,6,6,2492,55
1760915709.423996,122,28.467,33.245000,3960.798000,6,6,2492,55
1760915710.424034,123,28.454,33.106000,3993.904000,6,6,2492,55
1760915711.424024,124,28.564,33.582000,4027.486000,5,6,2492,55
1760915712.424103,125,28.455,32.625000,4060.111000,7,7,2492,55
1760915713.424400,126,28.442,34.429000,4094.540000,5,6,2492,55
1760915714.424118,127,28.383,33.065000,4127.605000,6,6,2492,55
1760915715.424011,128,28.497,32.817000,4160.422000,6,6,2492,55
1760915716.424128,129,28.433,34.692000,4195.114000,6,6,2492,55
1760915717.423994,130,28.399,32.888000,4228.002000,6,6,2492,55
1760915718.424031,131,28.497,32.562000,4260.564000,6,6,2492,55
1760915719.424126,132,28.533,34.583000,4295.147000,6,6,2492,55
1760915720.424091,133,28.355,34.162000,4329.309000,6,6,2492,55
1760915721.424032,134,28.516,32.884000,4362.193000,5,6,2492,55
1760915722.424097,135,28.407,31.418000,4393.611000,6,6,2492,55
1760915723.424132,136,28.415,32.939000,4426.550000,6,6,2492,55
1760915724.424022,137,28.486,33.028000,4459.578000,6,6,2492,55
1760915725.424123,138,28.506,32.911000,4492.489000,5,6,2492,55
1760915726.424104,139,28.548,32.585000,4525.074000,6,6,2492,55
1760915727.424362,140,28.557,32.840000,4557.914000,6,6,2492,55
1760915728.424095,141,28.462,32.603000,4590.517000,6,6,2492,55
1760915729.424103,142,28.448,30.954000,4621.471000,6,6,2492,55
1760915730.424100,143,28.409,32.995000,4654.466000,6,6,2492,55
1760915731.424171,144,28.417,32.992000,4687.458000,6,6,2492,55
1760915732.424128,145,28.474,33.028000,4720.486000,6,6,2492,55
1760915733.424376,146,28.430,32.953000,4753.439000,6,6,2492,55
1760915734.424151,147,28.435,32.648000,4786.087000,6,6,2492,55
1760915735.424108,148,28.647,32.644000,4818.731000,7,7,2492,55
1760915736.424409,149,28.409,31.934000,4850.665000,5,5,2492,55
1760915737.424181,150,28.514,33.121000,4883.786000,5,6,2492,55
1760915738.424040,151,28.523,33.717000,4917.503000,6,6,2492,55
1760915739.424108,152,28.465,33.700000,4951.203000,6,6,2492,55
1760915740.424132,153,28.485,33.889000,4985.092000,6,6,2492,55
1760915741.424407,154,28.421,33.740000,5018.832000,6,6,2492,55
1760915742.424015,155,28.524,34.078000,5052.910000,6,6,2492,55
1760915743.424107,156,28.645,32.673000,5085.583000,7,7,2492,55
1760915744.424097,157,28.394,33.974000,5119.557000,6,6,2492,55
1760915745.424350,158,28.648,34.366000,5153.923000,6,6,2492,55
1760915746.424019,159,28.460,35.030000,5188.953000,6,6,2492,55
1760915747.423998,160,28.419,34.921000,5223.874000,6,6,2492,55
1760915748.424340,161,28.483,34.914000,5258.788000,6,6,2492,55
1760915749.424015,162,28.454,35.340000,5294.128000,6,6,2492,55
1760915750.424102,163,28.469,34.198000,5328.326000,6,6,2492,55
1760915751.424116,164,28.581,35.013000,5363.339000,6,6,2492,55
1760915752.424115,165,28.526,35.595000,5398.934000,6,6,2492,55
1760915753.424111,166,28.552,35.482000,5434.416000,6,6,2492,55
1760915754.424186,167,28.594,36.181000,5470.597000,6,6,2492,55
1760915755.424452,168,28.471,36.594000,5507.191000,6,6,2492,55
1760915756.424112,169,28.566,36.787000,5543.978000,6,6,2492,55
1760915757.424122,170,28.480,35.786000,5579.764000,6,6,2492,55
1760915758.423993,171,28.455,36.748000,5616.512000,6,6,2492,56
1760915759.424134,172,28.675,36.491000,5653.003000,6,6,2492,55
1760915760.424011,173,28.484,37.051000,5690.054000,6,6,2492,55
1760915761.424111,174,28.479,36.727000,5726.781000,6,6,2492,55
1760915762.424034,175,28.618,37.580000,5764.361000,6,6,2492,55
1760915763.424029,176,28.457,37.952000,5802.313000,6,6,2492,55
1760915764.424109,177,28.551,36.932000,5839.245000,6,6,2492,55
1760915765.423994,178,28.457,38.152000,5877.397000,6,6,2492,55
1760915766.424011,179,28.467,38.126000,5915.523000,6,6,2492,55
1760915767.424190,180,28.666,38.067000,5953.590000,6,6,2498,55
1760915768.423994,181,28.456,38.184000,5991.774000,6,6,2498,55
1760915769.424006,182,28.564,38.313000,6030.087000,6,6,2498,55
1760915770.424012,183,28.540,38.535000,6068.622000,6,6,2498,55
1760915771.423998,184,28.571,37.538000,6106.160000,6,6,2498,55
