ts,t_rel_s,power_w,energy_j_this_sec,energy_j_total,gpu_util_percent,mem_util_percent,mem_used_MiB,temp_c
1760304059.650798,0,24.599,0.000000,0.000000,8,8,1736,48
1760304060.650791,1,29.299,31.972000,31.972000,11,11,2202,49
1760304061.650798,2,30.305,33.079000,65.051000,10,9,2728,49
1760304062.650910,3,30.656,33.435000,98.486000,7,8,2899,49
1760304063.650780,4,30.786,33.584000,132.070000,7,9,2899,50
1760304064.651059,5,30.968,33.666000,165.736000,7,8,2899,50
1760304065.651118,6,30.994,33.758000,199.494000,6,8,2899,50
1760304066.650895,7,30.721,33.562000,233.056000,7,8,2899,50
1760304067.650806,8,30.845,33.529000,266.585000,7,8,2899,50
1760304068.650906,9,29.509,32.149000,298.734000,7,8,2899,50
1760304069.650790,10,29.012,31.747000,330.481000,7,9,2899,50
1760304070.651047,11,27.611,30.327000,360.808000,8,9,2899,50
1760304071.650885,12,30.023,32.804000,393.612000,8,10,2899,51
1760304072.650892,13,29.933,32.877000,426.489000,8,8,2899,51
1760304073.650920,14,29.456,32.245000,458.734000,6,8,2899,51
1760304074.650805,15,30.788,33.982000,492.716000,8,9,2899,51
1760304075.650804,16,30.816,34.078000,526.794000,7,8,2899,51
1760304076.650801,17,30.905,34.408000,561.202000,6,8,2899,51
1760304077.650896,18,31.180,34.829000,596.031000,7,8,2899,51
1760304078.650896,19,30.674,34.173000,630.204000,6,8,2899,51
1760304079.651085,20,29.775,33.445000,663.649000,7,9,2899,52
1760304080.650801,21,30.993,34.978000,698.627000,8,9,2899,52
1760304081.650907,22,31.032,35.183000,733.810000,7,8,2899,52
1760304082.651090,23,29.679,34.397000,768.207000,7,9,2899,52
1760304083.650954,24,30.121,34.678000,802.885000,5,7,2899,52
1760304084.650781,25,30.660,35.506000,838.391000,7,8,2899,52
1760304085.650913,26,30.549,35.273000,873.664000,7,9,2899,52
1760304086.650805,27,30.453,35.544000,909.208000,7,8,2899,53
1760304087.650810,28,30.461,35.654000,944.862000,8,9,2899,52
1760304088.650905,29,30.549,35.971000,980.833000,7,9,2899,52
1760304089.650780,30,30.599,36.253000,1017.086000,6,8,2899,53
1760304090.650907,31,30.729,36.498000,1053.584000,6,8,2899,53
1760304091.650906,32,30.776,36.954000,1090.538000,7,8,2899,53
1760304092.650908,33,30.804,37.017000,1127.555000,7,8,2899,53
1760304093.650919,34,30.897,37.336000,1164.891000,6,8,2899,53
1760304094.650891,35,31.110,37.799000,1202.690000,7,8,2899,53
1760304095.650784,36,31.336,38.049000,1240.739000,7,9,2899,53
1760304096.651183,37,31.589,38.467000,1279.206000,6,8,2899,53
1760304097.650803,38,31.551,38.941000,1318.147000,7,8,2899,53
1760304098.650808,39,31.475,38.910000,1357.057000,8,9,2899,53
1760304099.650822,40,31.787,39.185000,1396.242000,7,8,2899,54
1760304100.650781,41,31.732,39.380000,1435.622000,6,8,2899,54
1760304101.650902,42,31.284,39.142000,1474.764000,7,8,2899,54
1760304102.650916,43,29.371,37.264000,1512.028000,7,8,2899,54
1760304103.650907,44,29.603,37.851000,1549.879000,9,10,2899,54
1760304104.650782,45,29.817,38.462000,1588.341000,7,9,2899,54
1760304105.650907,46,29.298,38.182000,1626.523000,7,7,2899,54
1760304106.650906,47,29.093,38.238000,1664.761000,6,7,2899,54
1760304107.650910,48,29.846,38.914000,1703.675000,6,7,2899,54
1760304108.650999,49,29.969,39.221000,1742.896000,6,7,2899,54
1760304109.650975,50,30.176,39.759000,1782.655000,7,9,2899,54
1760304110.650802,51,30.660,40.628000,1823.283000,7,8,2899,54
1760304111.650800,52,31.434,41.203000,1864.486000,7,8,2899,54
1760304112.650889,53,31.345,41.264000,1905.750000,7,8,2899,54
1760304113.650806,54,31.691,41.785000,1947.535000,7,8,2899,54
1760304114.650883,55,30.427,40.643000,1988.178000,7,9,2899,54
1760304115.651131,56,29.770,40.460000,2028.638000,7,8,2899,54
1760304116.651531,57,29.782,40.784000,2069.422000,7,8,2899,54
1760304117.650812,58,31.503,34.110000,2103.532000,6,8,2899,54
1760304118.650797,59,30.410,41.377000,2144.909000,7,8,2899,54
1760304119.650896,60,30.459,32.976000,2177.885000,7,9,2899,54
1760304120.650971,61,30.926,33.812000,2211.697000,6,8,2899,55
1760304121.650805,62,31.728,34.474000,2246.171000,7,9,2899,55
1760304122.651077,63,31.846,34.434000,2280.605000,7,9,2899,55
1760304123.650805,64,31.805,34.423000,2315.028000,7,9,2899,55
1760304124.650899,65,31.682,34.355000,2349.383000,6,7,2899,55
1760304125.651115,66,32.017,34.775000,2384.158000,8,9,2899,55
1760304126.650798,67,31.512,34.181000,2418.339000,7,8,2899,55
1760304127.650988,68,29.897,32.484000,2450.823000,7,9,2899,55
1760304128.650782,69,31.321,34.004000,2484.827000,8,9,2899,55
1760304129.650894,70,31.734,34.524000,2519.351000,6,8,2899,55
1760304130.650907,71,31.289,33.935000,2553.286000,7,8,2899,55
1760304131.650874,72,31.333,33.969000,2587.255000,7,9,2899,55
1760304132.650901,73,31.531,34.253000,2621.508000,7,9,2899,55
1760304133.650780,74,31.679,34.647000,2656.155000,6,8,2899,55
1760304134.650901,75,31.594,34.912000,2691.067000,7,8,2899,55
1760304135.650913,76,31.668,35.140000,2726.207000,7,8,2899,55
1760304136.650900,77,31.765,35.383000,2761.590000,6,8,2899,55
1760304137.650807,78,31.760,35.469000,2797.059000,7,8,2899,55
1760304138.650898,79,31.826,35.546000,2832.605000,7,8,2899,55
1760304139.650927,80,31.865,35.680000,2868.285000,7,9,2899,55
1760304140.650827,81,31.836,35.881000,2904.166000,7,9,2899,55
1760304141.650779,82,31.756,35.919000,2940.085000,8,9,2899,55
1760304142.650890,83,31.482,35.795000,2975.880000,7,8,2899,55
1760304143.650802,84,31.446,36.169000,3012.049000,5,7,2899,55
1760304144.650781,85,31.392,36.272000,3048.321000,8,9,2899,55
1760304145.650803,86,31.309,36.097000,3084.418000,7,8,2899,55
1760304146.650884,87,31.461,36.641000,3121.059000,7,8,2899,55
1760304147.650812,88,31.582,36.991000,3158.050000,8,9,2899,55
1760304148.650804,89,31.497,37.015000,3195.065000,7,8,2899,55
1760304149.650902,90,31.437,37.293000,3232.358000,7,8,2899,55
1760304150.650823,91,31.384,37.364000,3269.722000,8,9,2899,55
1760304151.650804,92,31.524,37.771000,3307.493000,8,9,2899,55
1760304152.650778,93,31.561,37.777000,3345.270000,7,8,2899,55
1760304153.650914,94,31.567,38.033000,3383.303000,8,9,2899,56
1760304154.650821,95,31.723,38.335000,3421.638000,7,8,2899,55
1760304155.650798,96,31.655,38.553000,3460.191000,7,8,2899,55
1760304156.650905,97,31.527,38.538000,3498.729000,7,8,2899,55
1760304157.650906,98,31.592,38.990000,3537.719000,8,9,2899,55
1760304158.650902,99,31.357,38.734000,3576.453000,6,7,2899,55
1760304159.650903,100,30.081,37.747000,3614.200000,7,8,2899,55
1760304160.650900,101,31.388,39.236000,3653.436000,8,9,2899,55
1760304161.650783,102,31.527,39.656000,3693.092000,5,7,2899,56
1760304162.650889,103,31.274,39.547000,3732.639000,6,8,2899,55
1760304163.650816,104,31.561,40.007000,3772.646000,7,9,2899,55
1760304164.650821,105,31.893,40.443000,3813.089000,8,9,2899,55
1760304165.650806,106,31.788,40.543000,3853.632000,6,8,2899,55
1760304166.651150,107,31.858,40.851000,3894.483000,6,8,2899,56
1760304167.651070,108,32.041,41.589000,3936.072000,7,8,2899,55
1760304168.650781,109,32.100,41.534000,3977.606000,7,9,2899,56
1760304169.650944,110,31.999,41.361000,4018.967000,7,8,2899,56
1760304170.650800,111,31.792,41.587000,4060.554000,8,9,2899,55
1760304171.650794,112,31.816,41.637000,4102.191000,7,9,2899,56
1760304172.650792,113,31.780,41.653000,4143.844000,8,9,2899,55
1760304173.650892,114,31.711,41.888000,4185.732000,6,8,2899,56
1760304174.650785,115,31.563,42.150000,4227.882000,7,8,2899,56
1760304175.650801,116,31.583,42.160000,4270.042000,7,8,2899,56
1760304176.650892,117,31.596,42.409000,4312.451000,6,8,2899,56
1760304177.650906,118,31.159,42.266000,4354.717000,7,8,2899,56
1760304178.651414,119,29.596,32.122000,4386.839000,6,8,2899,55
1760304179.650780,120,29.429,31.950000,4418.789000,7,8,2899,55
1760304180.650804,121,31.161,33.908000,4452.697000,7,8,2899,55
1760304181.650923,122,30.190,32.830000,4485.527000,7,9,2899,55
1760304182.650802,123,29.851,32.603000,4518.130000,6,8,2899,55
1760304183.651146,124,29.132,31.946000,4550.076000,6,8,3009,55
1760304184.650909,125,29.389,32.019000,4582.095000,8,8,2874,55
1760304185.650892,126,31.406,34.059000,4616.154000,8,8,2399,56
1760304186.650907,127,29.663,32.415000,4648.569000,7,8,2526,56
1760304187.650886,128,31.516,34.371000,4682.940000,9,9,2399,56
1760304188.650780,129,31.662,34.428000,4717.368000,8,9,2399,56
1760304189.651079,130,31.988,34.698000,4752.066000,8,8,2899,56
1760304190.650781,131,31.535,34.321000,4786.387000,7,8,2899,56
1760304191.650839,132,31.893,34.707000,4821.094000,9,9,2899,56
1760304192.650780,133,31.831,34.570000,4855.664000,8,9,2899,56
1760304193.650917,134,31.656,34.619000,4890.283000,6,8,2899,56
1760304194.651043,135,31.641,35.209000,4925.492000,6,7,2899,56
1760304195.650807,136,31.751,35.412000,4960.904000,8,9,2899,56
1760304196.650910,137,31.680,35.233000,4996.137000,8,9,2899,56
1760304197.650904,138,31.315,35.006000,5031.143000,8,9,2899,56
1760304198.650798,139,30.405,34.328000,5065.471000,8,10,2899,56
1760304199.650895,140,29.448,33.564000,5099.035000,8,8,2899,56
1760304200.650806,141,30.047,34.142000,5133.177000,6,7,2899,55
1760304201.650815,142,29.119,33.424000,5166.601000,6,7,2899,56
1760304202.650916,143,30.961,35.587000,5202.188000,8,8,2899,56
1760304203.650955,144,30.903,35.792000,5237.980000,8,9,2899,56
1760304204.650782,145,30.268,35.270000,5273.250000,8,9,2899,56
1760304205.650784,146,31.037,36.002000,5309.252000,9,9,2899,56
1760304206.650899,147,31.992,37.188000,5346.440000,8,9,2899,56
1760304207.650907,148,31.835,37.337000,5383.777000,7,8,2899,56
1760304208.651146,149,31.552,37.370000,5421.147000,8,9,2899,56
1760304209.651186,150,31.233,37.181000,5458.328000,8,9,2899,55
1760304210.650962,151,29.762,35.901000,5494.229000,6,8,2899,56
1760304211.650826,152,30.776,37.217000,5531.446000,8,9,2899,56
1760304212.650823,153,31.066,37.524000,5568.970000,8,9,2899,56
1760304213.650893,154,30.997,37.518000,5606.488000,8,9,2899,56
1760304214.650903,155,30.744,37.493000,5643.981000,7,8,2899,55
1760304215.650915,156,30.841,37.912000,5681.893000,8,9,2899,55
1760304216.650902,157,30.784,38.062000,5719.955000,8,8,2899,56
1760304217.650794,158,30.932,38.353000,5758.308000,8,9,2899,56
1760304218.650836,159,30.883,38.267000,5796.575000,8,9,2899,56
1760304219.650801,160,30.984,38.748000,5835.323000,7,8,2899,56
1760304220.651106,161,31.119,39.097000,5874.420000,7,8,2899,56
1760304221.650902,162,31.122,39.438000,5913.858000,8,9,2899,56
1760304222.650900,163,31.195,39.503000,5953.361000,8,8,2899,56
1760304223.650884,164,31.166,39.695000,5993.056000,7,8,2899,56
1760304224.650789,165,31.003,39.931000,6032.987000,8,9,2899,56
1760304225.650918,166,31.042,39.847000,6072.834000,7,9,2899,56
1760304226.650893,167,31.128,40.232000,6113.066000,6,8,2899,56
1760304227.650909,168,31.183,40.619000,6153.685000,7,9,2899,56
1760304228.650784,169,30.097,39.441000,6193.126000,22,11,2534,56
1760304229.650930,170,31.865,41.422000,6234.548000,8,9,1899,56
1760304230.650804,171,31.052,40.825000,6275.373000,10,8,2761,56
1760304231.650885,172,29.999,39.854000,6315.227000,6,8,2399,56
1760304232.651178,173,30.042,40.376000,6355.603000,6,8,2399,56
1760304233.650895,174,30.349,41.036000,6396.639000,7,8,2736,56
1760304234.650787,175,29.772,40.220000,6436.859000,7,9,2899,56
1760304235.650809,176,30.315,41.331000,6478.190000,7,9,2899,56
1760304236.650913,177,30.083,41.205000,6519.395000,6,8,2899,56
1760304237.651141,178,29.580,40.679000,6560.074000,6,8,2899,56
1760304238.650917,179,30.020,32.711000,6592.785000,7,8,2899,56
1760304239.650947,180,31.176,33.913000,6626.698000,7,9,2899,56
1760304240.650820,181,31.525,34.220000,6660.918000,7,9,2899,56
1760304241.650812,182,30.486,33.013000,6693.931000,5,8,2899,56
1760304242.651212,183,29.935,35.822000,6729.753000,7,9,2899,56
1760304243.650881,184,29.666,30.628000,6760.381000,6,8,2899,56
