ts,t_rel_s,power_w,energy_j_this_sec,energy_j_total,gpu_util_percent,mem_util_percent,mem_used_MiB,temp_c
1760817789.431967,0,20.494,0.000000,0.000000,13,11,1366,48
1760817790.431787,1,28.331,31.229000,31.229000,7,7,1934,48
1760817791.431753,2,28.178,39.069000,70.298000,6,7,2502,49
1760817792.431754,3,27.643,38.684000,108.982000,6,7,2502,49
1760817793.431769,4,27.733,39.009000,147.991000,6,7,2502,49
1760817794.431732,5,27.715,30.463000,178.454000,7,7,2496,50
1760817795.431753,6,27.765,30.400000,208.854000,7,7,2496,50
1760817796.431785,7,27.787,30.501000,239.355000,7,7,2496,50
1760817797.431779,8,27.817,30.649000,270.004000,7,7,2496,50
1760817798.431793,9,27.790,30.568000,300.572000,6,7,2496,50
1760817799.431859,10,27.762,30.656000,331.228000,7,7,2496,51
1760817800.431780,11,27.862,30.581000,361.809000,6,7,2496,51
1760817801.431774,12,27.888,30.582000,392.391000,6,7,2496,51
1760817802.431752,13,27.810,30.583000,422.974000,7,7,2496,51
1760817803.431795,14,27.969,30.734000,453.708000,6,7,2496,51
1760817804.431791,15,28.012,30.727000,484.435000,7,7,2496,52
1760817805.431784,16,28.043,30.722000,515.157000,7,7,2496,52
1760817806.431893,17,27.959,30.830000,545.987000,6,7,2496,52
1760817807.431971,18,27.978,31.063000,577.050000,7,7,2496,52
1760817808.431787,19,28.076,31.711000,608.761000,7,7,2496,52
1760817809.431775,20,28.065,31.583000,640.344000,7,7,2496,52
1760817810.431855,21,28.089,31.728000,672.072000,7,7,2496,52
1760817811.431889,22,28.115,31.730000,703.802000,6,7,2496,52
1760817812.431857,23,28.103,31.849000,735.651000,6,7,2496,53
1760817813.431795,24,28.137,32.009000,767.660000,6,7,2496,53
1760817814.431776,25,28.098,32.238000,799.898000,7,7,2496,53
1760817815.431857,26,28.089,32.347000,832.245000,7,7,2496,53
1760817816.431770,27,28.250,32.683000,864.928000,7,7,2496,53
1760817817.431777,28,28.231,35.590000,900.518000,6,7,2496,53
1760817818.431774,29,28.256,28.376000,928.894000,6,7,2496,53
1760817819.431858,30,28.265,28.635000,957.529000,7,7,2496,53
1760817820.431779,31,28.286,28.411000,985.940000,6,7,2496,53
1760817821.431861,32,28.321,28.625000,1014.565000,7,7,2496,53
1760817822.431855,33,28.282,28.866000,1043.431000,6,7,2496,53
1760817823.431770,34,28.375,29.228000,1072.659000,7,7,2496,53
1760817824.431857,35,28.415,29.230000,1101.889000,7,7,2496,54
1760817825.431794,36,28.377,29.443000,1131.332000,7,7,2496,54
1760817826.431770,37,28.403,29.713000,1161.045000,6,7,2496,54
1760817827.431766,38,28.313,29.998000,1191.043000,6,7,2496,54
1760817828.431945,39,28.436,30.264000,1221.307000,6,7,2496,54
1760817829.431770,40,28.412,30.282000,1251.589000,7,7,2496,54
1760817830.431769,41,28.438,30.505000,1282.094000,7,7,2496,54
1760817831.431752,42,28.476,30.750000,1312.844000,6,7,2496,54
1760817832.431752,43,28.497,30.841000,1343.685000,7,7,2496,54
1760817833.431769,44,28.530,31.056000,1374.741000,7,7,2496,54
1760817834.431771,45,28.509,31.281000,1406.022000,7,7,2496,54
1760817835.431853,46,28.482,31.403000,1437.425000,7,7,2496,54
1760817836.431796,47,28.529,31.700000,1469.125000,7,7,2496,54
1760817837.431769,48,28.462,31.855000,1500.980000,6,7,2496,54
1760817838.431794,49,28.464,31.988000,1532.968000,6,7,2496,55
1760817839.431780,50,28.504,32.298000,1565.266000,6,7,2496,55
1760817840.431768,51,28.538,32.563000,1597.829000,6,7,2496,55
1760817841.431861,52,28.533,32.748000,1630.577000,6,7,2496,55
1760817842.431752,53,28.481,33.000000,1663.577000,7,7,2496,55
1760817843.431886,54,28.567,33.144000,1696.721000,6,7,2496,55
1760817844.431765,55,28.587,33.380000,1730.101000,6,7,2496,55
1760817845.431795,56,28.515,33.382000,1763.483000,6,6,2496,55
1760817846.431772,57,28.528,33.717000,1797.200000,6,7,2496,55
1760817847.431752,58,28.605,33.933000,1831.133000,7,7,2496,55
1760817848.431753,59,28.611,33.997000,1865.130000,7,7,2496,55
1760817849.431793,60,28.575,34.175000,1899.305000,6,7,2496,55
1760817850.431774,61,28.593,34.407000,1933.712000,6,7,2496,55
1760817851.431861,62,28.614,34.633000,1968.345000,6,7,2496,55
1760817852.431776,63,28.560,34.797000,2003.142000,7,7,2496,55
1760817853.431777,64,28.665,31.375000,2034.517000,7,7,2496,55
1760817854.431854,65,28.662,31.257000,2065.774000,7,7,2496,55
1760817855.431774,66,28.674,31.283000,2097.057000,7,7,2496,55
1760817856.431771,67,28.639,31.346000,2128.403000,6,7,2496,55
1760817857.431870,68,28.575,31.312000,2159.715000,7,7,2496,55
1760817858.431752,69,28.681,31.583000,2191.298000,6,7,2496,55
1760817859.431768,70,28.697,31.479000,2222.777000,7,7,2496,55
1760817860.431772,71,28.648,31.339000,2254.116000,7,7,2496,55
1760817861.431751,72,28.622,31.382000,2285.498000,6,7,2496,55
1760817862.431752,73,28.623,31.272000,2316.770000,6,7,2496,55
1760817863.431752,74,28.706,31.406000,2348.176000,6,7,2496,55
1760817864.431751,75,28.661,31.417000,2379.593000,7,7,2496,55
1760817865.431766,76,28.693,31.510000,2411.103000,7,7,2496,55
1760817866.431769,77,28.653,31.523000,2442.626000,7,7,2496,55
1760817867.431753,78,28.668,31.692000,2474.318000,6,7,2496,55
1760817868.431751,79,28.684,31.833000,2506.151000,7,7,2496,55
1760817869.431771,80,28.664,32.149000,2538.300000,7,7,2496,55
1760817870.431797,81,28.664,32.241000,2570.541000,7,7,2496,55
1760817871.431879,82,28.370,31.915000,2602.456000,5,6,2496,55
1760817872.431767,83,27.624,31.497000,2633.953000,5,6,2496,55
1760817873.431855,84,27.838,31.796000,2665.749000,5,6,2496,55
1760817874.431769,85,27.715,31.921000,2697.670000,5,6,2496,55
1760817875.431851,86,27.481,31.577000,2729.247000,4,5,2496,55
1760817876.431771,87,26.182,30.888000,2760.135000,4,6,2496,55
1760817877.431751,88,25.732,30.399000,2790.534000,4,5,2496,55
1760817878.431764,89,26.565,31.478000,2822.012000,3,5,2496,55
1760817879.431783,90,26.548,31.617000,2853.629000,4,5,2496,55
1760817880.431782,91,26.602,32.021000,2885.650000,3,5,2606,55
1760817881.431779,92,26.285,31.764000,2917.414000,3,5,2606,55
1760817882.431797,93,26.152,31.845000,2949.259000,3,4,2606,55
1760817883.431848,94,26.619,32.513000,2981.772000,4,5,1928,55
1760817884.431763,95,26.424,32.534000,3014.306000,6,6,2038,55
1760817885.431755,96,27.025,33.366000,3047.672000,3,5,2606,55
1760817886.431769,97,26.365,32.748000,3080.420000,5,6,2038,55
1760817887.431872,98,27.716,34.688000,3115.108000,9,8,1663,56
1760817888.431767,99,28.974,35.921000,3151.029000,6,7,1928,56
1760817889.431767,100,28.852,35.936000,3186.965000,11,8,2208,56
1760817890.431752,101,29.421,36.439000,3223.404000,7,7,2496,56
1760817891.431752,102,28.726,36.073000,3259.477000,6,7,2496,56
1760817892.431888,103,28.603,36.174000,3295.651000,6,7,2496,56
1760817893.431866,104,28.752,36.543000,3332.194000,6,7,2496,56
1760817894.431867,105,28.735,36.691000,3368.885000,7,7,2496,56
1760817895.431752,106,28.723,36.951000,3405.836000,7,7,2496,56
1760817896.431752,107,28.770,37.074000,3442.910000,6,7,2496,56
1760817897.431860,108,28.740,37.290000,3480.200000,5,6,2496,56
1760817898.431755,109,28.733,37.377000,3517.577000,8,7,2496,56
1760817899.431752,110,28.742,37.566000,3555.143000,7,7,2496,56
1760817900.431753,111,28.775,37.830000,3592.973000,7,7,2496,56
1760817901.431772,112,28.687,37.933000,3630.906000,6,7,2496,56
1760817902.431776,113,28.624,38.045000,3668.951000,7,7,2496,56
1760817903.431753,114,28.782,38.521000,3707.472000,7,7,2496,56
1760817904.432087,115,28.802,38.530000,3746.002000,7,7,2496,56
1760817905.431777,116,28.783,39.062000,3785.064000,6,7,2496,56
1760817906.431777,117,28.681,38.908000,3823.972000,7,7,2496,56
1760817907.431773,118,28.791,39.272000,3863.244000,7,7,2496,56
1760817908.431772,119,28.793,39.540000,3902.784000,7,7,2496,56
1760817909.431752,120,28.780,39.459000,3942.243000,7,7,2496,56
1760817910.431756,121,28.683,39.608000,3981.851000,6,7,2496,56
1760817911.432150,122,28.811,39.937000,4021.788000,7,7,2496,56
1760817912.431752,123,28.763,31.495000,4053.283000,7,7,2496,56
1760817913.431902,124,28.815,31.618000,4084.901000,7,7,2496,56
1760817914.431866,125,28.690,31.631000,4116.532000,6,7,2496,56
1760817915.431775,126,28.724,31.455000,4147.987000,7,7,2496,56
1760817916.431769,127,28.765,31.487000,4179.474000,7,7,2496,56
1760817917.431768,128,28.712,31.507000,4210.981000,7,7,2496,56
1760817918.431853,129,28.694,31.548000,4242.529000,6,7,2496,56
1760817919.431855,130,28.767,31.592000,4274.121000,6,7,2496,56
1760817920.431772,131,28.737,31.513000,4305.634000,7,7,2496,56
1760817921.431769,132,28.817,31.535000,4337.169000,7,7,2496,56
1760817922.431772,133,28.654,31.573000,4368.742000,6,7,2496,56
1760817923.431754,134,28.804,31.575000,4400.317000,6,7,2496,56
1760817924.431871,135,28.774,31.591000,4431.908000,6,7,2496,56
1760817925.431751,136,28.751,31.726000,4463.634000,6,7,2496,56
1760817926.431853,137,28.759,31.671000,4495.305000,6,7,2496,56
1760817927.431752,138,28.691,32.075000,4527.380000,6,7,2496,56
1760817928.431853,139,28.742,32.051000,4559.431000,6,7,2496,56
1760817929.431771,140,28.790,32.253000,4591.684000,7,7,2496,56
1760817930.431754,141,28.769,32.559000,4624.243000,7,7,2496,56
1760817931.431769,142,28.746,32.494000,4656.737000,6,7,2496,56
1760817932.431755,143,28.681,32.536000,4689.273000,6,7,2496,56
1760817933.431880,144,28.705,32.736000,4722.009000,7,7,2496,56
1760817934.431751,145,28.729,33.007000,4755.016000,7,7,2496,56
1760817935.431767,146,28.759,33.147000,4788.163000,7,7,2496,56
1760817936.431775,147,28.765,33.441000,4821.604000,6,7,2496,56
1760817937.431752,148,28.717,33.452000,4855.056000,7,7,2496,56
1760817938.431775,149,28.696,33.679000,4888.735000,7,7,2496,56
1760817939.431777,150,28.758,34.048000,4922.783000,7,7,2496,56
1760817940.431752,151,28.807,34.194000,4956.977000,7,7,2496,56
1760817941.431752,152,28.755,34.344000,4991.321000,7,7,2496,56
1760817942.431777,153,28.751,34.565000,5025.886000,7,7,2496,56
1760817943.431775,154,28.744,35.075000,5060.961000,7,7,2496,56
1760817944.431776,155,28.778,35.308000,5096.269000,6,7,2496,56
1760817945.431792,156,28.735,35.308000,5131.577000,7,7,2496,56
1760817946.431863,157,28.783,35.658000,5167.235000,7,7,2496,56
1760817947.431772,158,28.735,35.689000,5202.924000,6,7,2496,56
1760817948.431773,159,28.711,35.758000,5238.682000,6,7,2496,56
1760817949.431754,160,28.721,36.002000,5274.684000,7,7,2496,56
1760817950.431868,161,28.801,35.995000,5310.679000,7,7,2496,56
1760817951.431769,162,28.803,36.297000,5346.976000,7,7,2496,56
1760817952.431787,163,28.745,36.428000,5383.404000,6,7,2496,56
1760817953.431752,164,28.676,36.568000,5419.972000,7,7,2496,56
1760817954.431855,165,28.775,36.784000,5456.756000,7,7,2496,56
1760817955.431768,166,28.809,37.000000,5493.756000,7,7,2496,56
1760817956.431777,167,28.800,37.192000,5530.948000,7,7,2496,56
1760817957.431793,168,28.664,37.463000,5568.411000,7,7,2496,56
1760817958.431779,169,28.809,37.607000,5606.018000,7,7,2496,56
1760817959.431784,170,28.830,37.834000,5643.852000,7,7,2496,56
1760817960.431752,171,28.829,38.044000,5681.896000,6,7,2496,56
1760817961.431773,172,28.743,38.061000,5719.957000,7,7,2496,56
1760817962.431984,173,28.792,38.295000,5758.252000,7,7,2496,56
1760817963.431766,174,28.825,38.669000,5796.921000,7,7,2496,56
1760817964.431726,175,28.814,38.681000,5835.602000,7,7,2496,56
1760817965.431772,176,28.721,38.826000,5874.428000,6,7,2496,56
1760817966.431752,177,28.761,39.034000,5913.462000,6,7,2496,56
1760817967.432062,178,28.199,38.592000,5952.054000,5,6,2496,56
1760817968.431775,179,27.662,38.583000,5990.637000,5,5,2496,56
1760817969.431784,180,28.499,39.530000,6030.167000,13,10,2496,57
1760817970.431773,181,28.776,39.692000,6069.859000,5,6,2496,56
1760817971.431871,182,26.812,30.129000,6099.988000,6,6,2496,56
1760817972.431773,183,27.657,30.968000,6130.956000,5,5,2496,56
1760817973.431753,184,27.191,30.516000,6161.472000,4,5,2496,56
