ts,t_rel_s,power_w,energy_j_this_sec,energy_j_total,gpu_util_percent,mem_util_percent,mem_used_MiB,temp_c
1760829154.524092,0,19.025,0.000000,0.000000,48,21,1460,50
1760829155.524087,1,30.659,37.292000,37.292000,7,7,2034,50
1760829156.524145,2,28.164,34.379000,71.671000,9,8,2602,50
1760829157.524359,3,27.756,33.784000,105.455000,5,6,2602,51
1760829158.524135,4,27.616,35.052000,140.507000,5,6,2602,51
1760829159.524195,5,27.582,35.124000,175.631000,6,6,2602,51
1760829160.524155,6,27.648,34.982000,210.613000,7,7,2589,51
1760829161.524094,7,27.738,30.382000,240.995000,8,7,2589,51
1760829162.524214,8,27.787,33.867000,274.862000,7,7,2589,51
1760829163.524086,9,27.726,34.079000,308.941000,7,7,2589,51
1760829164.524112,10,27.673,33.819000,342.760000,6,7,2589,51
1760829165.524111,11,27.761,34.099000,376.859000,6,7,2589,51
1760829166.524108,12,27.807,35.358000,412.217000,6,6,2589,52
1760829167.524191,13,27.805,34.071000,446.288000,6,7,2589,52
1760829168.524125,14,27.748,30.528000,476.816000,7,7,2589,52
1760829169.524085,15,27.843,34.160000,510.976000,6,7,2589,52
1760829170.524113,16,27.905,35.512000,546.488000,6,7,2589,52
1760829171.524197,17,27.884,34.237000,580.725000,7,7,2589,52
1760829172.524225,18,27.856,35.403000,616.128000,7,7,2589,52
1760829173.524160,19,27.948,35.458000,651.586000,7,7,2589,52
1760829174.524116,20,27.912,34.287000,685.873000,6,6,2589,52
1760829175.524099,21,27.967,32.271000,718.144000,6,7,2589,53
1760829176.524488,22,27.879,33.995000,752.139000,6,6,2589,53
1760829177.524086,23,27.939,34.193000,786.332000,5,6,2589,53
1760829178.524137,24,27.942,33.979000,820.311000,6,7,2589,53
1760829179.524132,25,27.969,34.175000,854.486000,6,6,2589,53
1760829180.524098,26,28.039,34.235000,888.721000,7,7,2589,53
1760829181.524121,27,28.082,35.487000,924.208000,8,7,2589,53
1760829182.524106,28,28.046,32.318000,956.526000,7,7,2589,53
1760829183.524107,29,28.069,34.847000,991.373000,7,7,2589,53
1760829184.524141,30,27.963,35.190000,1026.563000,6,6,2589,53
1760829185.524138,31,28.073,35.244000,1061.807000,7,7,2589,53
1760829186.524100,32,28.054,35.363000,1097.170000,6,7,2589,54
1760829187.524146,33,28.028,35.404000,1132.574000,6,6,2589,53
1760829188.524106,34,27.994,35.753000,1168.327000,6,7,2589,54
1760829189.524378,35,28.044,33.709000,1202.036000,6,6,2589,54
1760829190.524110,36,28.080,36.275000,1238.311000,6,7,2589,54
1760829191.524106,37,28.162,36.629000,1274.940000,7,7,2589,54
1760829192.524086,38,28.199,36.416000,1311.356000,7,7,2589,54
1760829193.524480,39,28.275,36.693000,1348.049000,7,7,2589,54
1760829194.524086,40,28.166,37.019000,1385.068000,6,7,2589,54
1760829195.524339,41,28.198,37.016000,1422.084000,6,6,2589,54
1760829196.524090,42,28.185,35.272000,1457.356000,6,7,2589,54
1760829197.524087,43,28.207,37.478000,1494.834000,6,7,2589,54
1760829198.524139,44,28.159,37.642000,1532.476000,6,6,2589,54
1760829199.524085,45,28.188,37.811000,1570.287000,7,7,2589,54
1760829200.524085,46,28.168,37.920000,1608.207000,7,7,2589,54
1760829201.524086,47,28.249,38.189000,1646.396000,6,7,2589,54
1760829202.524086,48,28.200,38.324000,1684.720000,7,7,2589,54
1760829203.524107,49,28.178,36.171000,1720.891000,7,7,2589,54
1760829204.524109,50,28.204,38.827000,1759.718000,7,7,2589,54
1760829205.524124,51,28.307,39.002000,1798.720000,7,7,2589,54
1760829206.524111,52,28.249,39.233000,1837.953000,7,7,2589,55
1760829207.524101,53,28.202,39.408000,1877.361000,5,6,2589,55
1760829208.524113,54,28.279,31.008000,1908.369000,6,7,2589,55
1760829209.524099,55,28.287,31.090000,1939.459000,6,7,2589,55
1760829210.524131,56,28.289,31.097000,1970.556000,6,6,2589,55
1760829211.524105,57,28.249,31.014000,2001.570000,6,7,2589,55
1760829212.524086,58,28.305,31.081000,2032.651000,7,7,2589,55
1760829213.524128,59,28.305,31.068000,2063.719000,6,7,2589,55
1760829214.524094,60,28.294,31.102000,2094.821000,7,7,2589,55
1760829215.524259,61,28.296,30.997000,2125.818000,7,7,2589,55
1760829216.524109,62,28.430,31.161000,2156.979000,7,7,2589,55
1760829217.524109,63,28.422,31.122000,2188.101000,7,7,2589,55
1760829218.524208,64,28.396,31.159000,2219.260000,7,7,2589,55
1760829219.524202,65,28.343,31.232000,2250.492000,6,7,2589,55
1760829220.524248,66,28.386,31.194000,2281.686000,6,7,2589,55
1760829221.524108,67,28.347,31.442000,2313.128000,6,6,2589,55
1760829222.524114,68,28.364,31.459000,2344.587000,6,6,2589,55
1760829223.524187,69,28.344,31.759000,2376.346000,6,7,2589,55
1760829224.524293,70,28.439,32.146000,2408.492000,6,6,2589,55
1760829225.524139,71,28.451,32.049000,2440.541000,6,7,2596,55
1760829226.524086,72,28.641,32.366000,2472.907000,7,7,2596,55
1760829227.524109,73,28.437,32.296000,2505.203000,7,7,2595,55
1760829228.524191,74,28.500,32.528000,2537.731000,8,7,2595,55
1760829229.524107,75,28.432,32.676000,2570.407000,7,7,2595,55
1760829230.524085,76,28.427,32.873000,2603.280000,7,7,2589,55
1760829231.524110,77,28.387,32.865000,2636.145000,6,7,2589,55
1760829232.524088,78,28.417,33.263000,2669.408000,7,7,2589,56
1760829233.524108,79,28.413,33.333000,2702.741000,6,6,2589,56
1760829234.524085,80,28.400,33.644000,2736.385000,5,6,2589,56
1760829235.524095,81,28.323,33.670000,2770.055000,5,6,2589,56
1760829236.524090,82,28.351,33.816000,2803.871000,5,6,2589,55
1760829237.524109,83,27.507,32.993000,2836.864000,5,6,2589,55
1760829238.524106,84,26.431,32.549000,2869.413000,4,5,2589,55
1760829239.524099,85,26.287,32.449000,2901.862000,6,7,2589,55
1760829240.524085,86,26.130,32.819000,2934.681000,4,5,2589,55
1760829241.524384,87,26.523,33.198000,2967.879000,5,5,2589,55
1760829242.524112,88,26.590,33.664000,3001.543000,4,5,2589,55
1760829243.524089,89,26.184,33.055000,3034.598000,4,5,2589,55
1760829244.524238,90,26.007,33.062000,3067.660000,3,4,2589,55
1760829245.524189,91,26.141,33.616000,3101.276000,4,5,2589,55
1760829246.524171,92,26.134,33.540000,3134.816000,4,5,2699,55
1760829247.524400,93,25.984,33.579000,3168.395000,3,5,2699,55
1760829248.524141,94,25.990,33.955000,3202.350000,4,4,2699,55
1760829249.524102,95,26.313,34.384000,3236.734000,3,4,2123,55
1760829250.524189,96,26.015,34.098000,3270.832000,3,5,2146,55
1760829251.524090,97,27.269,37.292000,3308.124000,10,7,2206,56
1760829252.524165,98,27.777,36.865000,3344.989000,9,7,1724,56
1760829253.524107,99,28.919,37.619000,3382.608000,6,7,2021,56
1760829254.524088,100,29.194,38.334000,3420.942000,7,7,2589,56
1760829255.524105,101,28.607,37.756000,3458.698000,7,7,2589,56
1760829256.524089,102,28.545,37.913000,3496.611000,7,7,2589,56
1760829257.524104,103,28.582,38.059000,3534.670000,7,7,2589,56
1760829258.524115,104,28.541,38.225000,3572.895000,7,7,2589,56
1760829259.524114,105,28.534,38.401000,3611.296000,7,7,2589,56
1760829260.524107,106,28.491,38.668000,3649.964000,5,6,2589,56
1760829261.524110,107,28.509,38.746000,3688.710000,6,7,2589,56
1760829262.524085,108,28.490,38.919000,3727.629000,6,7,2589,56
1760829263.524105,109,28.487,39.048000,3766.677000,6,7,2589,56
1760829264.524173,110,28.425,39.398000,3806.075000,7,7,2589,56
1760829265.524185,111,28.554,39.671000,3845.746000,6,6,2589,56
1760829266.524531,112,28.489,39.724000,3885.470000,6,7,2589,56
1760829267.524109,113,28.534,31.835000,3917.305000,7,7,2589,56
1760829268.524100,114,28.486,31.588000,3948.893000,7,7,2589,56
1760829269.524125,115,28.605,31.936000,3980.829000,7,7,2589,56
1760829270.524085,116,28.568,31.832000,4012.661000,7,7,2589,56
1760829271.524255,117,28.541,31.731000,4044.392000,7,7,2589,56
1760829272.524095,118,28.520,31.741000,4076.133000,6,7,2589,56
1760829273.524085,119,28.562,31.685000,4107.818000,7,7,2589,56
1760829274.524104,120,28.469,31.719000,4139.537000,6,6,2589,56
1760829275.524203,121,28.560,31.773000,4171.310000,7,7,2589,56
1760829276.524126,122,28.545,31.780000,4203.090000,6,6,2589,56
1760829277.524107,123,28.513,31.859000,4234.949000,6,6,2589,56
1760829278.524109,124,28.517,31.760000,4266.709000,6,6,2589,56
1760829279.524195,125,28.506,31.761000,4298.470000,6,6,2589,56
1760829280.524269,126,28.506,31.838000,4330.308000,7,7,2589,56
1760829281.524093,127,28.529,31.869000,4362.177000,6,7,2589,56
1760829282.524108,128,28.510,31.744000,4393.921000,7,7,2589,56
1760829283.524101,129,28.513,31.969000,4425.890000,7,6,2589,56
1760829284.524107,130,28.522,32.128000,4458.018000,7,7,2589,56
1760829285.524107,131,28.519,32.507000,4490.525000,7,7,2589,56
1760829286.524482,132,28.521,32.749000,4523.274000,7,7,2589,56
1760829287.524106,133,28.489,32.790000,4556.064000,6,6,2589,56
1760829288.524340,134,28.614,32.846000,4588.910000,6,6,2589,56
1760829289.524108,135,28.636,32.995000,4621.905000,7,7,2589,56
1760829290.524086,136,28.624,33.111000,4655.016000,7,7,2589,56
1760829291.524135,137,28.571,33.235000,4688.251000,6,7,2589,56
1760829292.524107,138,28.609,33.570000,4721.821000,6,6,2589,56
1760829293.524235,139,28.645,33.790000,4755.611000,7,7,2589,56
1760829294.524100,140,28.612,34.056000,4789.667000,7,7,2589,56
1760829295.524363,141,28.584,34.074000,4823.741000,6,6,2589,56
1760829296.524134,142,28.590,34.363000,4858.104000,6,7,2589,56
1760829297.524088,143,28.543,34.480000,4892.584000,7,7,2589,56
1760829298.524107,144,28.498,34.532000,4927.116000,6,7,2589,56
1760829299.524106,145,28.509,34.681000,4961.797000,7,7,2589,56
1760829300.524096,146,28.628,35.121000,4996.918000,7,7,2589,56
1760829301.524104,147,28.575,35.158000,5032.076000,7,7,2589,56
1760829302.524088,148,28.629,35.529000,5067.605000,7,7,2589,56
1760829303.524101,149,28.549,35.528000,5103.133000,7,7,2589,56
1760829304.524096,150,28.585,35.752000,5138.885000,7,7,2589,56
1760829305.524110,151,28.577,35.939000,5174.824000,6,6,2589,56
1760829306.524110,152,28.663,36.210000,5211.034000,7,7,2589,56
1760829307.524085,153,28.593,36.455000,5247.489000,6,6,2589,56
1760829308.524085,154,28.595,36.575000,5284.064000,6,6,2589,56
1760829309.524172,155,28.533,36.731000,5320.795000,6,6,2589,56
1760829310.524427,156,28.597,37.031000,5357.826000,6,6,2589,56
1760829311.524196,157,28.586,37.224000,5395.050000,7,7,2589,56
1760829312.524108,158,28.663,37.345000,5432.395000,6,7,2589,56
1760829313.524293,159,28.617,37.438000,5469.833000,7,7,2589,56
1760829314.524200,160,28.662,37.780000,5507.613000,7,7,2589,56
1760829315.524109,161,28.635,37.973000,5545.586000,7,7,2589,56
1760829316.524110,162,28.721,38.212000,5583.798000,7,7,2589,56
1760829317.524237,163,28.644,38.385000,5622.183000,7,7,2589,56
1760829318.524107,164,28.690,38.634000,5660.817000,7,7,2589,56
1760829319.524089,165,28.619,38.751000,5699.568000,6,6,2589,56
1760829320.524113,166,28.676,38.879000,5738.447000,6,6,2589,56
1760829321.524112,167,28.731,39.197000,5777.644000,6,7,2589,56
1760829322.524243,168,28.678,39.322000,5816.966000,6,6,2589,56
1760829323.524086,169,28.569,39.439000,5856.405000,6,6,2589,56
1760829324.524110,170,28.630,39.518000,5895.923000,6,7,2589,56
1760829325.524245,171,28.581,39.721000,5935.644000,7,7,2589,56
1760829326.524337,172,28.672,31.340000,5966.984000,6,6,2589,56
1760829327.524110,173,28.700,31.413000,5998.397000,7,7,2589,56
1760829328.524096,174,28.695,31.416000,6029.813000,7,7,2589,56
1760829329.524145,175,28.624,31.511000,6061.324000,7,7,2589,56
1760829330.524361,176,28.673,31.361000,6092.685000,7,7,2589,56
1760829331.524107,177,28.670,31.326000,6124.011000,7,7,2589,56
1760829332.524127,178,28.687,31.421000,6155.432000,7,7,2589,56
1760829333.524186,179,27.410,29.936000,6185.368000,5,6,2589,56
1760829334.524116,180,29.975,33.122000,6218.490000,43,22,2596,57
1760829335.524152,181,31.193,33.462000,6251.952000,5,6,2596,56
1760829336.524104,182,26.747,29.448000,6281.400000,6,6,2596,56
1760829337.524107,183,26.727,29.412000,6310.812000,5,5,2596,56
1760829338.524087,184,26.883,29.516000,6340.328000,4,5,2596,56
