ts,t_rel_s,power_w,energy_j_this_sec,energy_j_total,gpu_util_percent,mem_util_percent,mem_used_MiB,temp_c
1760916142.824769,0,19.727,0.000000,0.000000,100,78,1425,48
1760916143.824672,1,30.875,35.742000,35.742000,29,15,1925,50
1760916144.824697,2,31.118,31.914000,67.656000,8,7,2425,50
1760916145.824701,3,29.031,30.876000,98.532000,6,6,2425,50
1760916146.824685,4,28.089,30.916000,129.448000,6,6,2425,50
1760916147.824672,5,28.097,30.852000,160.300000,9,7,2425,50
1760916148.824682,6,28.123,30.813000,191.113000,5,6,2407,50
1760916149.824782,7,28.022,30.836000,221.949000,5,6,2400,51
1760916150.824890,8,28.139,30.739000,252.688000,9,8,2400,50
1760916151.824792,9,28.165,30.934000,283.622000,6,6,2400,50
1760916152.825139,10,28.113,30.790000,314.412000,6,6,2400,51
1760916153.824694,11,28.102,31.122000,345.534000,9,7,2400,51
1760916154.824846,12,28.179,31.104000,376.638000,6,6,2400,51
1760916155.824670,13,28.199,31.012000,407.650000,5,6,2400,51
1760916156.824688,14,28.152,31.067000,438.717000,9,8,2400,51
1760916157.824675,15,28.241,30.768000,469.485000,5,6,2400,51
1760916158.824973,16,28.316,31.226000,500.711000,7,7,2400,51
1760916159.824683,17,28.196,31.943000,532.654000,9,7,2400,52
1760916160.824687,18,28.264,31.786000,564.440000,6,7,2400,52
1760916161.824852,19,28.202,31.884000,596.324000,5,6,2400,52
1760916162.824768,20,28.265,31.971000,628.295000,9,7,2400,52
1760916163.824812,21,28.236,31.823000,660.118000,6,6,2400,52
1760916164.824759,22,28.344,31.816000,691.934000,6,6,2400,52
1760916165.824665,23,28.324,32.245000,724.179000,9,7,2400,52
1760916166.824652,24,28.341,32.650000,756.829000,6,6,2400,52
1760916167.824683,25,28.291,32.739000,789.568000,6,6,2400,52
1760916168.824767,26,28.262,33.011000,822.579000,9,7,2400,52
1760916169.824693,27,28.312,33.111000,855.690000,6,6,2400,52
1760916170.824687,28,28.284,33.286000,888.976000,5,6,2400,53
1760916171.824694,29,28.301,33.242000,922.218000,9,7,2400,53
1760916172.824695,30,28.365,33.358000,955.576000,7,7,2400,53
1760916173.824691,31,28.354,33.797000,989.373000,6,6,2400,53
1760916174.824655,32,28.337,34.237000,1023.610000,9,7,2400,53
1760916175.824679,33,28.349,34.199000,1057.809000,5,6,2400,53
1760916176.824653,34,28.342,34.340000,1092.149000,6,6,2400,53
1760916177.824821,35,28.365,34.661000,1126.810000,9,7,2400,53
1760916178.824862,36,28.407,34.727000,1161.537000,6,6,2400,53
1760916179.824771,37,28.450,34.892000,1196.429000,5,6,2400,53
1760916180.824694,38,28.375,35.270000,1231.699000,9,7,2400,53
1760916181.824683,39,28.508,35.467000,1267.166000,6,6,2400,53
1760916182.824997,40,28.422,35.716000,1302.882000,5,6,2400,53
1760916183.824846,41,28.373,36.025000,1338.907000,9,7,2400,53
1760916184.824684,42,28.428,36.217000,1375.124000,5,6,2391,53
1760916185.824833,43,28.494,36.252000,1411.376000,6,6,2391,54
1760916186.824761,44,28.387,36.317000,1447.693000,9,7,2391,54
1760916187.824748,45,28.556,36.502000,1484.195000,6,6,2391,54
1760916188.824692,46,28.345,36.769000,1520.964000,5,6,2366,54
1760916189.824674,47,28.506,36.894000,1557.858000,8,7,2366,54
1760916190.824829,48,28.422,37.221000,1595.079000,6,6,2366,54
1760916191.824692,49,28.496,37.375000,1632.454000,6,6,2366,54
1760916192.824758,50,28.422,37.660000,1670.114000,8,7,2366,54
1760916193.824759,51,28.548,37.883000,1707.997000,6,6,2366,54
1760916194.824756,52,28.508,37.757000,1745.754000,6,6,2366,54
1760916195.824883,53,28.626,38.007000,1783.761000,9,7,2366,54
1760916196.824809,54,28.518,38.369000,1822.130000,5,6,2366,54
1760916197.824656,55,28.454,38.473000,1860.603000,5,6,2366,54
1760916198.824683,56,28.469,38.628000,1899.231000,9,7,2366,54
1760916199.824682,57,28.549,38.823000,1938.054000,5,6,2366,54
1760916200.824675,58,28.554,39.141000,1977.195000,5,6,2366,54
1760916201.824758,59,28.515,39.453000,2016.648000,9,7,2366,54
1760916202.824750,60,28.571,39.346000,2055.994000,5,6,2366,54
1760916203.824875,61,28.629,31.181000,2087.175000,7,7,2366,54
1760916204.824683,62,28.522,31.516000,2118.691000,9,7,2366,54
1760916205.824846,63,28.613,31.396000,2150.087000,6,6,2366,54
1760916206.824652,64,28.657,31.501000,2181.588000,5,6,2373,54
1760916207.824884,65,28.548,31.462000,2213.050000,9,7,2372,55
1760916208.824773,66,28.608,31.619000,2244.669000,5,6,2372,55
1760916209.825018,67,28.565,31.498000,2276.167000,5,6,2372,55
1760916210.824684,68,28.507,31.187000,2307.354000,8,7,2372,55
1760916211.824749,69,28.745,31.284000,2338.638000,6,6,2366,54
1760916212.824694,70,28.590,31.345000,2369.983000,6,6,2366,54
1760916213.824695,71,28.612,31.440000,2401.423000,9,7,2366,55
1760916214.824754,72,28.644,31.464000,2432.887000,5,6,2366,55
1760916215.824691,73,28.602,31.465000,2464.352000,5,6,2366,55
1760916216.824768,74,28.569,31.538000,2495.890000,9,7,2366,55
1760916217.824848,75,28.607,31.650000,2527.540000,6,6,2366,55
1760916218.824756,76,28.571,31.720000,2559.260000,5,6,2366,55
1760916219.824772,77,28.752,31.956000,2591.216000,10,7,2366,55
1760916220.824686,78,28.658,32.218000,2623.434000,6,6,2366,55
1760916221.825025,79,28.614,32.268000,2655.702000,5,6,2366,55
1760916222.824674,80,28.627,32.680000,2688.382000,9,7,2366,55
1760916223.824657,81,28.656,32.537000,2720.919000,5,6,2366,55
1760916224.824755,82,28.630,32.639000,2753.558000,6,7,2366,55
1760916225.825021,83,28.677,33.077000,2786.635000,9,7,2366,55
1760916226.824768,84,28.623,33.090000,2819.725000,6,6,2366,55
1760916227.824697,85,28.698,32.932000,2852.657000,6,6,2366,55
1760916228.825034,86,28.694,32.943000,2885.600000,8,7,2366,55
1760916229.824758,87,28.672,33.505000,2919.105000,5,6,2366,55
1760916230.824669,88,28.682,33.359000,2952.464000,7,7,2366,55
1760916231.824797,89,28.804,33.754000,2986.218000,9,7,2366,55
1760916232.824766,90,28.693,34.060000,3020.278000,5,6,2366,55
1760916233.824656,91,28.794,34.708000,3054.986000,6,6,2366,55
1760916234.824773,92,28.762,34.471000,3089.457000,6,6,2120,55
1760916235.825002,93,28.895,34.935000,3124.392000,9,7,1867,55
1760916236.824766,94,28.645,34.732000,3159.124000,7,7,1762,55
1760916237.824687,95,28.461,34.492000,3193.616000,12,7,1373,55
1760916238.824755,96,27.787,35.202000,3228.818000,5,6,1972,55
1760916239.824672,97,29.285,36.196000,3265.014000,9,8,2372,56
1760916240.824655,98,28.883,35.755000,3300.769000,6,6,2372,56
1760916241.824654,99,28.847,35.741000,3336.510000,6,6,2372,55
1760916242.824754,100,28.770,35.627000,3372.137000,6,6,2372,55
1760916243.824685,101,28.614,36.056000,3408.193000,5,6,2372,55
1760916244.824779,102,28.648,36.273000,3444.466000,5,6,2366,55
1760916245.824878,103,28.632,36.579000,3481.045000,6,6,2366,55
1760916246.824697,104,28.702,36.973000,3518.018000,6,6,2366,55
1760916247.824765,105,28.668,36.960000,3554.978000,5,6,2366,55
1760916248.824762,106,28.697,37.251000,3592.229000,5,6,2366,55
1760916249.824674,107,28.745,37.112000,3629.341000,5,6,2366,55
1760916250.824708,108,28.740,37.203000,3666.544000,6,6,2366,55
1760916251.824654,109,28.624,37.313000,3703.857000,5,6,2366,55
1760916252.824817,110,28.778,37.819000,3741.676000,5,6,2366,55
1760916253.824759,111,28.708,38.151000,3779.827000,6,6,2366,55
1760916254.824675,112,28.689,38.294000,3818.121000,6,6,2366,55
1760916255.824653,113,28.775,38.561000,3856.682000,5,6,2366,55
1760916256.824683,114,28.747,38.697000,3895.379000,6,6,2366,55
1760916257.824759,115,28.762,38.459000,3933.838000,6,6,2366,55
1760916258.824764,116,28.739,38.591000,3972.429000,6,6,2366,55
1760916259.824699,117,28.630,38.883000,4011.312000,6,6,2366,55
1760916260.824679,118,28.727,39.190000,4050.502000,6,6,2366,55
1760916261.824654,119,28.644,39.660000,4090.162000,6,6,2366,55
1760916262.824695,120,28.690,39.753000,4129.915000,5,6,2366,55
1760916263.825010,121,28.759,40.002000,4169.917000,6,6,2366,55
1760916264.824662,122,28.716,31.497000,4201.414000,5,6,2366,55
1760916265.824661,123,28.665,31.686000,4233.100000,6,6,2366,55
1760916266.824991,124,28.785,31.068000,4264.168000,5,6,2366,55
1760916267.824840,125,28.702,31.177000,4295.345000,6,6,2366,55
1760916268.824787,126,28.736,31.315000,4326.660000,6,6,2366,55
1760916269.824771,127,28.755,31.580000,4358.240000,6,6,2366,55
1760916270.824659,128,28.702,31.638000,4389.878000,6,6,2366,55
1760916271.824763,129,28.677,31.623000,4421.501000,6,6,2366,55
1760916272.824694,130,28.798,31.602000,4453.103000,6,6,2366,55
1760916273.824996,131,28.731,31.446000,4484.549000,5,6,2366,55
1760916274.824655,132,28.827,31.110000,4515.659000,6,6,2366,55
1760916275.824761,133,28.681,31.092000,4546.751000,5,6,2366,55
1760916276.824658,134,28.736,31.368000,4578.119000,6,6,2366,55
1760916277.825083,135,28.769,31.683000,4609.802000,6,6,2366,55
1760916278.824759,136,28.645,31.894000,4641.696000,5,6,2366,55
1760916279.824679,137,28.750,32.162000,4673.858000,6,6,2366,55
1760916280.824678,138,28.767,31.993000,4705.851000,5,6,2366,55
1760916281.824755,139,28.715,32.374000,4738.225000,5,6,2366,55
1760916282.824696,140,28.820,34.981000,4773.206000,6,6,2366,55
1760916283.824757,141,28.701,28.472000,4801.678000,4,6,2366,55
1760916284.824695,142,28.737,28.644000,4830.322000,6,6,2366,55
1760916285.824825,143,28.710,29.115000,4859.437000,6,6,2366,55
1760916286.824756,144,28.713,29.219000,4888.656000,5,6,2366,55
1760916287.824692,145,28.760,29.437000,4918.093000,6,6,2366,55
1760916288.824651,146,28.711,29.318000,4947.411000,5,6,2366,55
1760916289.824687,147,28.733,29.577000,4976.988000,5,6,2366,55
1760916290.824777,148,28.814,29.446000,5006.434000,6,6,2366,55
1760916291.824759,149,28.642,29.607000,5036.041000,6,6,2366,55
1760916292.824652,150,28.769,30.053000,5066.094000,5,6,2366,55
1760916293.824777,151,28.752,30.471000,5096.565000,6,6,2366,55
1760916294.824687,152,28.679,30.921000,5127.486000,5,6,2366,55
1760916295.824656,153,28.708,30.866000,5158.352000,6,6,2366,55
1760916296.824785,154,28.659,30.854000,5189.206000,5,6,2366,55
1760916297.824696,155,28.708,31.342000,5220.548000,6,6,2366,55
1760916298.824743,156,28.735,30.934000,5251.482000,6,6,2366,55
1760916299.824656,157,28.629,28.939000,5280.421000,7,6,2366,55
1760916300.824661,158,28.788,29.056000,5309.477000,5,6,2366,55
1760916301.824676,159,28.800,29.552000,5339.029000,7,6,2366,55
1760916302.824934,160,28.654,30.047000,5369.076000,6,6,2366,55
1760916303.825023,161,28.718,30.260000,5399.336000,6,6,2366,55
1760916304.824773,162,28.628,30.553000,5429.889000,7,6,2366,55
1760916305.824680,163,28.657,30.472000,5460.361000,6,6,2366,55
1760916306.824683,164,28.694,30.338000,5490.699000,6,6,2366,55
1760916307.824682,165,28.713,30.714000,5521.413000,5,6,2366,55
1760916308.824759,166,28.657,30.781000,5552.194000,6,6,2366,55
1760916309.824672,167,28.822,31.121000,5583.315000,5,6,2366,55
1760916310.824697,168,28.791,31.407000,5614.722000,6,6,2366,55
1760916311.824655,169,28.657,31.716000,5646.438000,6,6,2366,55
1760916312.824696,170,28.726,31.732000,5678.170000,6,6,2366,55
1760916313.824681,171,28.695,31.909000,5710.079000,5,6,2366,55
1760916314.824682,172,28.650,32.064000,5742.143000,6,6,2366,55
1760916315.824652,173,28.790,32.129000,5774.272000,5,6,2366,55
1760916316.824675,174,28.680,32.286000,5806.558000,6,6,2366,55
1760916317.824673,175,28.715,32.467000,5839.025000,6,6,2366,55
1760916318.824671,176,28.747,32.935000,5871.960000,5,6,2366,55
1760916319.824674,177,28.729,33.109000,5905.069000,6,6,2366,55
1760916320.824652,178,28.791,33.402000,5938.471000,6,6,2366,55
1760916321.824706,179,28.684,33.203000,5971.674000,6,6,2366,55
1760916322.824655,180,28.816,33.907000,6005.581000,13,9,2373,55
1760916323.825098,181,28.738,33.708000,6039.289000,5,6,2373,55
1760916324.824693,182,28.740,34.538000,6073.827000,6,6,2373,55
1760916325.825090,183,28.757,33.432000,6107.259000,6,6,2373,55
1760916326.824816,184,28.760,35.104000,6142.363000,6,6,2373,55
