ts,t_rel_s,power_w,energy_j_this_sec,energy_j_total,gpu_util_percent,mem_util_percent,mem_used_MiB,temp_c
1760303121.402695,0,24.624,0.000000,0.000000,10,8,1728,48
1760303122.402599,1,30.278,33.005000,33.005000,10,9,2202,49
1760303123.402603,2,30.652,41.244000,74.249000,9,9,2702,49
1760303124.402669,3,30.255,40.960000,115.209000,8,9,2899,49
1760303125.402595,4,30.426,41.562000,156.771000,6,8,2899,50
1760303126.402676,5,30.769,41.932000,198.703000,7,8,2899,50
1760303127.402613,6,30.900,33.662000,232.365000,8,9,2899,50
1760303128.402591,7,30.971,33.595000,265.960000,8,9,2899,50
1760303129.402610,8,31.090,33.698000,299.658000,7,8,2899,50
1760303130.402592,9,30.388,33.161000,332.819000,5,7,2899,50
1760303131.402664,10,28.681,31.432000,364.251000,5,7,2899,50
1760303132.402676,11,28.859,31.618000,395.869000,8,9,2899,50
1760303133.402671,12,29.839,32.751000,428.620000,8,8,2899,50
1760303134.402588,13,29.292,31.871000,460.491000,7,8,2899,51
1760303135.402670,14,30.336,33.213000,493.704000,8,8,2899,51
1760303136.402589,15,30.723,33.418000,527.122000,8,9,2899,51
1760303137.402598,16,30.806,33.367000,560.489000,8,9,2899,51
1760303138.402598,17,30.873,33.577000,594.066000,7,8,2899,51
1760303139.402572,18,30.994,33.685000,627.751000,6,8,2899,51
1760303140.402613,19,30.544,33.305000,661.056000,6,8,2899,52
1760303141.402592,20,29.590,32.691000,693.747000,8,9,2899,52
1760303142.402688,21,30.454,33.653000,727.400000,7,9,2899,51
1760303143.402612,22,30.007,34.126000,761.526000,7,8,2899,52
1760303144.402665,23,30.462,33.585000,795.111000,8,9,2899,52
1760303145.402588,24,30.831,34.456000,829.567000,7,8,2899,52
1760303146.402575,25,30.793,34.596000,864.163000,8,9,2899,52
1760303147.402673,26,30.617,34.451000,898.614000,8,9,2899,52
1760303148.402779,27,30.453,34.689000,933.303000,6,7,2899,53
1760303149.402719,28,30.459,35.073000,968.376000,7,8,2899,52
1760303150.402680,29,30.542,35.168000,1003.544000,8,9,2899,52
1760303151.402602,30,30.731,35.498000,1039.042000,6,8,2899,53
1760303152.402685,31,30.907,35.783000,1074.825000,7,8,2899,53
1760303153.402602,32,30.779,36.012000,1110.837000,8,8,2899,53
1760303154.402614,33,30.801,36.038000,1146.875000,9,9,2899,53
1760303155.402784,34,31.012,36.409000,1183.284000,7,8,2899,53
1760303156.402680,35,31.092,36.831000,1220.115000,8,9,2899,53
1760303157.402569,36,31.139,37.086000,1257.201000,8,9,2899,53
1760303158.402824,37,31.196,37.118000,1294.319000,7,8,2899,53
1760303159.402596,38,31.299,37.808000,1332.127000,8,9,2899,53
1760303160.402593,39,31.429,37.952000,1370.079000,8,9,2899,53
1760303161.402587,40,31.860,38.348000,1408.427000,6,8,2899,54
1760303162.402589,41,31.855,38.724000,1447.151000,7,8,2899,54
1760303163.402667,42,31.370,38.243000,1485.394000,8,8,2899,54
1760303164.402587,43,29.321,36.295000,1521.689000,8,9,2899,53
1760303165.402692,44,29.284,36.626000,1558.315000,6,7,2899,53
1760303166.402667,45,28.366,35.972000,1594.287000,4,6,2899,54
1760303167.402789,46,29.259,37.133000,1631.420000,5,6,2899,53
1760303168.402604,47,29.075,37.239000,1668.659000,7,8,2899,53
1760303169.402610,48,29.620,37.580000,1706.239000,7,8,2899,53
1760303170.402610,49,29.173,37.510000,1743.749000,7,8,2899,53
1760303171.402594,50,29.452,37.801000,1781.550000,5,7,2899,54
1760303172.402596,51,30.662,39.512000,1821.062000,8,8,2899,54
1760303173.402600,52,31.167,40.057000,1861.119000,8,9,2899,54
1760303174.402588,53,31.147,40.390000,1901.509000,8,9,2899,54
1760303175.402593,54,31.510,40.918000,1942.427000,8,9,2899,54
1760303176.402589,55,30.901,40.495000,1982.922000,7,9,2899,54
1760303177.402593,56,29.742,39.621000,2022.543000,7,8,2899,54
1760303178.402910,57,29.180,39.000000,2061.543000,7,7,2899,54
1760303179.402685,58,29.734,40.083000,2101.626000,5,7,2899,54
1760303180.402680,59,30.482,40.667000,2142.293000,6,8,2899,54
1760303181.402612,60,29.914,40.667000,2182.960000,7,8,2899,54
1760303182.402612,61,30.992,41.648000,2224.608000,6,8,2899,54
1760303183.402984,62,31.560,42.429000,2267.037000,8,9,2899,54
1760303184.402613,63,31.650,34.328000,2301.365000,8,9,2899,54
1760303185.402573,64,31.646,42.734000,2344.099000,7,8,2899,54
1760303186.402574,65,31.774,34.415000,2378.514000,5,7,2899,55
1760303187.402572,66,31.777,34.599000,2413.113000,8,9,2899,54
1760303188.402602,67,31.841,34.517000,2447.630000,8,8,2899,54
1760303189.402596,68,29.988,32.463000,2480.093000,8,10,2899,54
1760303190.402592,69,30.391,33.261000,2513.354000,7,8,2899,54
1760303191.402571,70,29.780,32.345000,2545.699000,7,8,2899,55
1760303192.402598,71,31.016,33.740000,2579.439000,7,8,2899,55
1760303193.402667,72,29.959,32.618000,2612.057000,8,9,2899,55
1760303194.402715,73,31.212,33.896000,2645.953000,8,9,2899,55
1760303195.402587,74,31.474,34.271000,2680.224000,7,8,2899,55
1760303196.402680,75,31.464,34.218000,2714.442000,6,7,2899,55
1760303197.402675,76,31.479,34.282000,2748.724000,7,8,2899,55
1760303198.402601,77,31.605,34.262000,2782.986000,7,8,2899,55
1760303199.402677,78,31.669,34.476000,2817.462000,6,7,2899,55
1760303200.402573,79,31.789,34.928000,2852.390000,8,9,2899,55
1760303201.402679,80,31.727,34.732000,2887.122000,8,9,2899,55
1760303202.402671,81,31.598,35.204000,2922.326000,6,8,2899,55
1760303203.402591,82,31.742,35.441000,2957.767000,7,8,2899,55
1760303204.402604,83,31.370,34.951000,2992.718000,7,8,2899,55
1760303205.402595,84,31.331,35.009000,3027.727000,8,8,2899,55
1760303206.402829,85,31.087,35.004000,3062.731000,5,7,2899,55
1760303207.402573,86,30.934,35.280000,3098.011000,7,7,2899,55
1760303208.402789,87,31.015,35.331000,3133.342000,8,9,2899,55
1760303209.402963,88,31.377,35.853000,3169.195000,7,8,2899,55
1760303210.402602,89,31.557,36.643000,3205.838000,8,8,2899,55
1760303211.402685,90,31.521,36.392000,3242.230000,8,8,2899,55
1760303212.402891,91,31.503,36.625000,3278.855000,8,8,2899,55
1760303213.402791,92,31.496,36.892000,3315.747000,7,8,2899,55
1760303214.402676,93,31.478,37.002000,3352.749000,8,9,2899,55
1760303215.402685,94,31.532,37.186000,3389.935000,8,9,2899,55
1760303216.402758,95,31.516,37.327000,3427.262000,6,8,2899,55
1760303217.402674,96,31.633,37.775000,3465.037000,7,8,2899,55
1760303218.402570,97,31.639,37.847000,3502.884000,8,9,2899,55
1760303219.402600,98,31.740,37.920000,3540.804000,6,8,2899,55
1760303220.402613,99,31.716,38.236000,3579.040000,7,8,2899,55
1760303221.402577,100,31.301,38.127000,3617.167000,8,8,2899,55
1760303222.402592,101,31.238,38.107000,3655.274000,8,9,2899,55
1760303223.402668,102,31.238,38.401000,3693.675000,7,8,2899,55
1760303224.402979,103,31.501,38.719000,3732.394000,6,7,2899,56
1760303225.402570,104,31.334,39.233000,3771.627000,6,8,2899,56
1760303226.402570,105,31.651,39.361000,3810.988000,8,9,2899,55
1760303227.402593,106,31.707,39.561000,3850.549000,7,9,2899,55
1760303228.402603,107,31.528,39.500000,3890.049000,8,8,2899,55
1760303229.402573,108,31.779,40.132000,3930.181000,6,8,2899,55
1760303230.402804,109,31.987,40.443000,3970.624000,8,9,2899,55
1760303231.402614,110,32.022,40.676000,4011.300000,8,9,2899,55
1760303232.402573,111,32.000,40.681000,4051.981000,9,9,2899,56
1760303233.402726,112,31.941,40.828000,4092.809000,8,9,2899,55
1760303234.402588,113,31.675,41.040000,4133.849000,8,9,2899,55
1760303235.402675,114,31.608,40.854000,4174.703000,8,8,2899,55
1760303236.402706,115,31.550,41.064000,4215.767000,7,8,2899,56
1760303237.402612,116,31.585,41.401000,4257.168000,8,8,2899,55
1760303238.402697,117,31.538,41.500000,4298.668000,7,8,2899,55
1760303239.402681,118,31.603,41.885000,4340.553000,6,8,2899,55
1760303240.402730,119,29.691,39.934000,4380.487000,8,8,2899,55
1760303241.402848,120,29.784,40.483000,4420.970000,7,8,2899,55
1760303242.402598,121,30.096,41.192000,4462.162000,7,8,2899,55
1760303243.402659,122,30.642,41.674000,4503.836000,8,9,2899,55
1760303244.402673,123,29.919,41.284000,4545.120000,5,7,2899,55
1760303245.402722,124,30.308,32.966000,4578.086000,7,8,2899,55
1760303246.402592,125,29.549,32.372000,4610.458000,8,8,2899,55
1760303247.402568,126,29.929,32.474000,4642.932000,7,8,2899,55
1760303248.402682,127,29.888,32.510000,4675.442000,6,8,2899,55
1760303249.402570,128,30.653,33.308000,4708.750000,7,8,3009,55
1760303250.402570,129,30.204,32.953000,4741.703000,11,10,2652,55
1760303251.402601,130,31.860,34.620000,4776.323000,7,8,2399,55
1760303252.402653,131,31.791,34.547000,4810.870000,7,8,2399,56
1760303253.402570,132,32.265,34.933000,4845.803000,8,9,2899,56
1760303254.402590,133,31.545,34.167000,4879.970000,7,8,2899,56
1760303255.402571,134,31.723,34.408000,4914.378000,7,8,2899,56
1760303256.402682,135,31.614,34.459000,4948.837000,7,8,2899,56
1760303257.402601,136,31.573,34.252000,4983.089000,8,9,2899,56
1760303258.402606,137,31.542,34.158000,5017.247000,7,8,2899,56
1760303259.402672,138,31.611,34.446000,5051.693000,6,8,2899,56
1760303260.402684,139,31.194,34.387000,5086.080000,6,7,2899,56
1760303261.402603,140,30.917,34.501000,5120.581000,6,7,2899,56
1760303262.402587,141,29.235,32.757000,5153.338000,7,8,2899,55
1760303263.402605,142,29.428,33.107000,5186.445000,4,7,2899,55
1760303264.402593,143,27.640,31.514000,5217.959000,4,5,2899,55
1760303265.402590,144,29.090,33.110000,5251.069000,8,10,2899,55
1760303266.402676,145,29.292,33.375000,5284.444000,6,7,2899,55
1760303267.402603,146,29.892,34.200000,5318.644000,5,8,2899,55
1760303268.402596,147,29.899,34.643000,5353.287000,7,8,2899,55
1760303269.402594,148,31.347,36.052000,5389.339000,7,8,2899,56
1760303270.402594,149,31.799,36.729000,5426.068000,6,8,2899,55
1760303271.402591,150,31.771,36.914000,5462.982000,8,9,2899,55
1760303272.402570,151,31.668,36.759000,5499.741000,7,8,2899,55
1760303273.402595,152,29.452,34.705000,5534.446000,6,8,2899,55
1760303274.402593,153,30.896,36.548000,5570.994000,7,8,2899,55
1760303275.402604,154,29.506,35.163000,5606.157000,6,9,2899,55
1760303276.402679,155,30.002,36.175000,5642.332000,7,8,2899,55
1760303277.402609,156,30.356,36.450000,5678.782000,8,9,2899,55
1760303278.402602,157,30.487,36.906000,5715.688000,8,9,2899,55
1760303279.402571,158,30.459,36.824000,5752.512000,6,8,2899,56
1760303280.402570,159,30.540,37.299000,5789.811000,6,8,2899,56
1760303281.402590,160,30.525,37.409000,5827.220000,8,9,2899,55
1760303282.402569,161,30.512,37.435000,5864.655000,7,9,2899,56
1760303283.402591,162,30.606,37.773000,5902.428000,6,8,2899,56
1760303284.402595,163,30.727,38.319000,5940.747000,8,9,2899,56
1760303285.402603,164,30.789,38.495000,5979.242000,7,9,2899,56
1760303286.402664,165,30.781,38.486000,6017.728000,7,8,2899,56
1760303287.402637,166,30.765,38.860000,6056.588000,6,8,2899,56
1760303288.402743,167,30.754,39.050000,6095.638000,8,9,2899,56
1760303289.402944,168,30.581,39.183000,6134.821000,8,9,2899,55
1760303290.402610,169,30.651,39.334000,6174.155000,6,8,2899,56
1760303291.402613,170,30.326,39.138000,6213.293000,6,8,3119,56
1760303292.402677,171,30.388,39.715000,6253.008000,6,8,2009,56
1760303293.402573,172,30.938,40.087000,6293.095000,9,8,1152,56
1760303294.402674,173,30.197,39.375000,6332.470000,12,9,1722,56
1760303295.402682,174,30.207,39.934000,6372.404000,9,8,2708,57
1760303296.402613,175,29.649,39.418000,6411.822000,6,8,2899,56
1760303297.403110,176,31.083,41.138000,6452.960000,7,8,2899,56
1760303298.402934,177,31.617,41.993000,6494.953000,5,7,2899,56
1760303299.402683,178,31.569,42.256000,6537.209000,7,8,2899,56
1760303300.402675,179,31.523,42.138000,6579.347000,7,8,2899,56
1760303301.402608,180,30.939,41.652000,6620.999000,6,8,2899,56
1760303302.402670,181,29.533,40.316000,6661.315000,7,8,2899,56
1760303303.402787,182,29.738,40.783000,6702.098000,6,8,2899,56
1760303304.402585,183,30.505,33.235000,6735.333000,6,8,2899,56
1760303305.402591,184,29.839,32.748000,6768.081000,7,8,2899,56
