ts,t_rel_s,power_w,energy_j_this_sec,energy_j_total,gpu_util_percent,mem_util_percent,mem_used_MiB,temp_c
1760909925.553756,0,19.719,0.000000,0.000000,3,2,1269,47
1760909926.553765,1,24.669,33.144000,33.144000,10,8,1675,48
1760909927.553833,2,24.575,30.984000,64.128000,10,8,2081,48
1760909928.553859,3,23.889,31.244000,95.372000,3,4,2081,48
1760909929.553845,4,23.768,31.370000,126.742000,3,4,2081,48
1760909930.553904,5,23.678,31.401000,158.143000,3,4,2081,48
1760909931.553757,6,23.709,31.598000,189.741000,3,4,2080,48
1760909932.553740,7,23.722,31.709000,221.450000,3,4,2074,48
1760909933.553931,8,23.662,31.890000,253.340000,3,4,2074,48
1760909934.553868,9,23.698,32.243000,285.583000,3,4,2074,49
1760909935.553716,10,23.691,32.438000,318.021000,3,4,2074,49
1760909936.553890,11,23.758,32.343000,350.364000,3,4,2074,49
1760909937.553911,12,23.720,32.798000,383.162000,3,4,2074,49
1760909938.553823,13,23.633,32.971000,416.133000,3,4,2074,49
1760909939.553854,14,23.696,33.244000,449.377000,2,4,2074,49
1760909940.553715,15,23.726,33.282000,482.659000,3,4,2074,49
1760909941.553719,16,23.722,33.440000,516.099000,3,4,2074,49
1760909942.553810,17,23.764,33.526000,549.625000,3,4,2074,49
1760909943.554074,18,23.731,33.993000,583.618000,3,4,2074,50
1760909944.553863,19,23.793,34.195000,617.813000,3,4,2074,50
1760909945.553746,20,23.716,34.305000,652.118000,3,4,2074,50
1760909946.553846,21,23.749,34.420000,686.538000,3,4,2074,50
1760909947.553759,22,23.789,34.785000,721.323000,3,4,2074,50
1760909948.554432,23,23.770,34.769000,756.092000,3,4,2074,50
1760909949.553745,24,23.851,26.491000,782.583000,3,4,2074,50
1760909950.553715,25,23.742,26.630000,809.213000,3,4,2074,50
1760909951.553756,26,23.774,26.596000,835.809000,3,4,2074,50
1760909952.553756,27,23.798,26.544000,862.353000,3,4,2074,50
1760909953.553738,28,23.796,26.481000,888.834000,3,4,2074,51
1760909954.553717,29,23.798,26.576000,915.410000,3,4,2074,51
1760909955.553916,30,23.816,26.518000,941.928000,3,4,2079,51
1760909956.553871,31,23.796,26.678000,968.606000,3,4,2079,51
1760909957.553898,32,23.821,26.636000,995.242000,3,4,2079,51
1760909958.553757,33,23.847,26.706000,1021.948000,3,4,2079,51
1760909959.553760,34,23.894,26.643000,1048.591000,3,4,2079,51
1760909960.553858,35,23.845,26.743000,1075.334000,3,4,2079,51
1760909961.553878,36,23.850,26.521000,1101.855000,3,4,2079,51
1760909962.553743,37,23.891,26.664000,1128.519000,3,4,2079,51
1760909963.553913,38,23.836,26.587000,1155.106000,3,3,2079,51
1760909964.553717,39,23.890,26.863000,1181.969000,4,4,2079,51
1760909965.553742,40,23.789,26.899000,1208.868000,3,4,2079,51
1760909966.553853,41,23.855,27.169000,1236.037000,3,4,2079,51
1760909967.553871,42,23.827,27.427000,1263.464000,3,4,2079,52
1760909968.553950,43,23.871,29.824000,1293.288000,3,4,2079,51
1760909969.553735,44,23.870,24.034000,1317.322000,3,4,2079,52
1760909970.553925,45,23.816,24.028000,1341.350000,3,4,2079,51
1760909971.553716,46,23.868,24.037000,1365.387000,3,4,2079,52
1760909972.553746,47,23.867,23.988000,1389.375000,3,4,2079,51
1760909973.553858,48,23.864,24.321000,1413.696000,3,4,2079,52
1760909974.553717,49,23.931,24.556000,1438.252000,3,4,2079,52
1760909975.553916,50,23.871,24.563000,1462.815000,3,4,2079,52
1760909976.553810,51,23.882,25.068000,1487.883000,3,4,2079,52
1760909977.553945,52,23.925,25.026000,1512.909000,3,4,2079,52
1760909978.553753,53,23.820,25.343000,1538.252000,3,4,2079,52
1760909979.553757,54,23.851,25.612000,1563.864000,3,4,2079,52
1760909980.553804,55,23.938,25.841000,1589.705000,3,4,2079,52
1760909981.553756,56,23.947,25.885000,1615.590000,3,4,2079,52
1760909982.553890,57,23.875,26.154000,1641.744000,3,4,2079,52
1760909983.553902,58,23.936,26.482000,1668.226000,3,4,2079,52
1760909984.553860,59,23.975,24.420000,1692.646000,2,3,2079,52
1760909985.553755,60,23.895,24.463000,1717.109000,3,4,2079,52
1760909986.553775,61,23.924,24.499000,1741.608000,3,4,2079,52
1760909987.553754,62,23.778,24.827000,1766.435000,3,4,2079,52
1760909988.553841,63,23.859,25.030000,1791.465000,3,4,2079,52
1760909989.553714,64,23.806,24.996000,1816.461000,3,4,2079,52
1760909990.553872,65,23.788,25.200000,1841.661000,3,4,2079,52
1760909991.553717,66,23.890,25.607000,1867.268000,3,4,2079,52
1760909992.553834,67,23.823,25.587000,1892.855000,3,4,2079,52
1760909993.553911,68,23.867,25.963000,1918.818000,4,4,2079,52
1760909994.553716,69,23.794,26.293000,1945.111000,3,4,2079,52
1760909995.553884,70,23.849,26.191000,1971.302000,3,4,2079,52
1760909996.553948,71,23.873,26.506000,1997.808000,3,4,2079,52
1760909997.553811,72,23.815,26.648000,2024.456000,3,4,2079,52
1760909998.553816,73,23.836,26.883000,2051.339000,2,4,2079,52
1760909999.553754,74,23.833,27.113000,2078.452000,3,4,2079,52
1760910000.553737,75,23.794,27.220000,2105.672000,3,4,2079,52
1760910001.553736,76,23.853,27.368000,2133.040000,3,4,2079,52
1760910002.553823,77,23.916,27.741000,2160.781000,3,4,2079,52
1760910003.553861,78,23.970,27.950000,2188.731000,3,4,2079,52
1760910004.553738,79,23.934,28.029000,2216.760000,3,4,2079,52
1760910005.553818,80,23.977,28.398000,2245.158000,3,4,2079,52
1760910006.553857,81,23.978,28.527000,2273.685000,3,4,2079,52
1760910007.553817,82,23.911,28.736000,2302.421000,3,4,2079,52
1760910008.553889,83,23.935,28.882000,2331.303000,3,4,2079,52
1760910009.553819,84,23.914,29.119000,2360.422000,3,4,2079,52
1760910010.553883,85,23.927,29.198000,2389.620000,3,4,2079,52
1760910011.553716,86,23.883,28.314000,2417.934000,3,4,2079,52
1760910012.553820,87,23.907,28.305000,2446.239000,3,4,2079,52
1760910013.553865,88,23.932,28.297000,2474.536000,3,4,2079,52
1760910014.553825,89,23.953,28.451000,2502.987000,3,4,2079,52
1760910015.553884,90,23.894,28.321000,2531.308000,3,4,2079,52
1760910016.553756,91,23.898,26.484000,2557.792000,4,4,2079,52
1760910017.553738,92,23.939,28.319000,2586.111000,3,4,2079,52
1760910018.553892,93,23.930,28.212000,2614.323000,3,4,2079,52
1760910019.553939,94,23.933,28.183000,2642.506000,3,4,2079,52
1760910020.553739,95,23.907,28.296000,2670.802000,3,4,2079,52
1760910021.553842,96,23.918,28.223000,2699.025000,3,4,2079,52
1760910022.553908,97,23.882,28.366000,2727.391000,3,3,2079,52
1760910023.553726,98,23.935,26.600000,2753.991000,3,4,2079,52
1760910024.553869,99,23.890,28.209000,2782.200000,3,4,2079,52
1760910025.553753,100,23.874,28.223000,2810.423000,3,4,2079,52
1760910026.553740,101,23.874,28.113000,2838.536000,3,4,2079,52
1760910027.553835,102,23.980,28.371000,2866.907000,3,4,2079,52
1760910028.553995,103,23.914,28.443000,2895.350000,3,4,2079,52
1760910029.553847,104,23.866,28.215000,2923.565000,3,4,2079,52
1760910030.553821,105,23.903,26.642000,2950.207000,3,4,2079,52
1760910031.553871,106,23.869,28.193000,2978.400000,3,4,2079,52
1760910032.553753,107,23.910,28.296000,3006.696000,2,4,2079,52
1760910033.553823,108,23.903,28.246000,3034.942000,3,4,2079,52
1760910034.553860,109,23.851,28.519000,3063.461000,3,4,2079,52
1760910035.553904,110,23.903,28.543000,3092.004000,3,4,2079,52
1760910036.553743,111,23.909,29.014000,3121.018000,2,4,2079,52
1760910037.553737,112,23.886,27.783000,3148.801000,3,4,2079,52
1760910038.554101,113,23.865,29.085000,3177.886000,3,4,2079,52
1760910039.553817,114,23.941,30.024000,3207.910000,3,4,2079,52
1760910040.553858,115,23.909,29.518000,3237.428000,3,4,2079,52
1760910041.553864,116,23.943,29.662000,3267.090000,3,4,2079,52
1760910042.553818,117,23.931,29.815000,3296.905000,3,4,2079,52
1760910043.553814,118,23.878,29.940000,3326.845000,3,4,2079,52
1760910044.554009,119,23.834,29.080000,3355.925000,3,4,2079,52
1760910045.553778,120,23.921,30.375000,3386.300000,3,4,2079,52
1760910046.553713,121,23.913,30.445000,3416.745000,3,4,2079,52
1760910047.553865,122,23.934,30.564000,3447.309000,3,4,2079,52
1760910048.553914,123,23.859,30.967000,3478.276000,3,4,2079,52
1760910049.553814,124,23.907,31.168000,3509.444000,3,4,2079,52
1760910050.553838,125,23.961,31.376000,3540.820000,3,4,2079,52
1760910051.553832,126,23.930,30.393000,3571.213000,3,4,2079,52
1760910052.553860,127,23.879,31.557000,3602.770000,3,4,2079,52
1760910053.553924,128,23.918,31.766000,3634.536000,3,4,2079,52
1760910054.553754,129,23.942,32.203000,3666.739000,3,4,2079,52
1760910055.553755,130,23.992,32.227000,3698.966000,3,4,2079,52
1760910056.553836,131,23.909,32.444000,3731.410000,3,4,2079,52
1760910057.553869,132,23.935,32.511000,3763.921000,3,4,2079,52
1760910058.553920,133,23.914,31.709000,3795.630000,3,4,2079,52
1760910059.553755,134,23.872,32.907000,3828.537000,3,3,2079,52
1760910060.553858,135,23.956,33.280000,3861.817000,3,4,2079,52
1760910061.553719,136,23.947,33.488000,3895.305000,3,4,2079,52
1760910062.554188,137,23.934,33.451000,3928.756000,3,4,2079,52
1760910063.553840,138,23.932,34.016000,3962.772000,2,4,2079,52
1760910064.553841,139,23.974,34.064000,3996.836000,3,4,2079,52
1760910065.553826,140,23.980,33.242000,4030.078000,3,4,2079,52
1760910066.553864,141,23.926,34.340000,4064.418000,3,4,2079,52
1760910067.553755,142,23.978,34.528000,4098.946000,3,4,2079,52
1760910068.553730,143,23.920,34.611000,4133.557000,3,3,2079,52
1760910069.553861,144,23.923,34.854000,4168.411000,3,4,2079,52
1760910070.553754,145,23.932,26.501000,4194.912000,3,4,2079,52
1760910071.554093,146,23.903,26.833000,4221.745000,3,4,2079,52
1760910072.553844,147,23.950,26.672000,4248.417000,3,4,2079,52
1760910073.553884,148,23.941,26.542000,4274.959000,3,4,2079,52
1760910074.553755,149,23.858,26.648000,4301.607000,3,4,2079,52
1760910075.554143,150,23.844,26.565000,4328.172000,3,4,2079,52
1760910076.553754,151,23.893,26.627000,4354.799000,3,4,2079,52
1760910077.553853,152,23.961,26.635000,4381.434000,4,4,2079,52
1760910078.553913,153,23.924,26.669000,4408.103000,3,4,2079,52
1760910079.553823,154,23.947,26.637000,4434.740000,3,4,2079,52
1760910080.553902,155,23.973,26.690000,4461.430000,3,4,2079,52
1760910081.553850,156,23.915,26.602000,4488.032000,3,4,2079,52
1760910082.553732,157,23.927,26.632000,4514.664000,3,4,2079,52
1760910083.553754,158,24.002,26.784000,4541.448000,3,4,2079,52
1760910084.553751,159,24.025,26.706000,4568.154000,3,4,2079,52
1760910085.553912,160,23.991,26.913000,4595.067000,3,4,2079,52
1760910086.553754,161,24.061,27.288000,4622.355000,3,4,2079,52
1760910087.554136,162,24.173,27.678000,4650.033000,3,4,2079,52
1760910088.553716,163,24.217,28.095000,4678.128000,3,4,2079,52
1760910089.553743,164,24.122,27.819000,4705.947000,3,4,2079,52
1760910090.553754,165,24.156,27.774000,4733.721000,3,4,2079,52
1760910091.553830,166,24.218,28.112000,4761.833000,3,4,2079,52
1760910092.553820,167,24.265,28.239000,4790.072000,4,4,2079,52
1760910093.553982,168,24.200,28.527000,4818.599000,2,4,2079,52
1760910094.553755,169,24.271,28.896000,4847.495000,3,4,2181,52
1760910095.553838,170,24.171,28.820000,4876.315000,2,4,2189,52
1760910096.553873,171,24.150,29.471000,4905.786000,3,4,1673,52
1760910097.553718,172,24.122,29.184000,4934.970000,3,4,1804,52
1760910098.553746,173,24.270,29.995000,4964.965000,11,5,1279,52
1760910099.553720,174,23.522,29.028000,4993.993000,3,3,1633,53
1760910100.553755,175,24.402,30.239000,5024.232000,4,4,2091,53
1760910101.553762,176,24.167,29.940000,5054.172000,3,4,2091,53
1760910102.553755,177,24.004,29.861000,5084.033000,3,4,2091,53
1760910103.553820,178,23.997,30.153000,5114.186000,3,4,2091,53
1760910104.553914,179,23.949,30.293000,5144.479000,3,4,2085,53
1760910105.553757,180,24.274,31.505000,5175.984000,5,5,2079,53
1760910106.553817,181,25.588,31.741000,5207.725000,9,7,2079,53
1760910107.553754,182,23.971,30.826000,5238.551000,3,4,2079,53
1760910108.553837,183,23.944,30.963000,5269.514000,3,4,2079,53
1760910109.553798,184,23.973,31.277000,5300.791000,3,4,2079,53
