ts,t_rel_s,power_w,energy_j_this_sec,energy_j_total,gpu_util_percent,mem_util_percent,mem_used_MiB,temp_c
1760256994.439681,0,24.935,0.000000,0.000000,9,8,1617,50
1760256995.439631,1,29.884,32.622000,32.622000,8,8,1912,51
1760256996.439545,2,29.835,40.300000,72.922000,8,8,2318,51
1760256997.439545,3,29.287,39.766000,112.688000,8,8,2429,51
1760256998.439649,4,29.328,40.134000,152.822000,7,8,2429,51
1760256999.439545,5,29.398,40.592000,193.414000,7,8,2429,51
1760257000.439629,6,29.284,40.505000,233.919000,7,8,2429,52
1760257001.439631,7,29.444,32.184000,266.103000,7,8,2429,52
1760257002.439531,8,29.473,32.088000,298.191000,7,8,2429,52
1760257003.439840,9,29.408,32.049000,330.240000,7,8,2429,52
1760257004.439639,10,29.112,31.750000,361.990000,7,8,2429,52
1760257005.439625,11,29.036,31.752000,393.742000,6,8,2429,52
1760257006.439636,12,29.337,32.085000,425.827000,7,8,2429,52
1760257007.439746,13,29.266,31.958000,457.785000,7,8,2429,52
1760257008.439563,14,29.233,32.047000,489.832000,6,7,2429,52
1760257009.439638,15,29.193,31.974000,521.806000,7,8,2429,53
1760257010.439630,16,29.624,32.306000,554.112000,7,8,2429,53
1760257011.439653,17,29.663,32.426000,586.538000,6,7,2429,53
1760257012.439914,18,29.774,32.555000,619.093000,7,8,2429,53
1760257013.439885,19,29.860,32.819000,651.912000,7,8,2429,53
1760257014.439562,20,29.833,32.917000,684.829000,7,8,2429,53
1760257015.439649,21,29.738,32.786000,717.615000,6,7,2429,53
1760257016.439564,22,29.668,33.230000,750.845000,7,8,2429,53
1760257017.439681,23,29.626,33.250000,784.095000,7,8,2429,53
1760257018.439580,24,29.477,33.170000,817.265000,6,7,2429,53
1760257019.439904,25,29.525,33.276000,850.541000,7,8,2429,53
1760257020.439647,26,29.618,33.693000,884.234000,7,8,2429,53
1760257021.439778,27,29.590,33.679000,917.913000,7,8,2429,54
1760257022.439627,28,29.392,33.740000,951.653000,6,8,2429,54
1760257023.439629,29,29.367,33.857000,985.510000,6,7,2429,54
1760257024.439574,30,29.405,34.034000,1019.544000,7,8,2429,54
1760257025.439538,31,29.520,34.183000,1053.727000,7,8,2429,54
1760257026.439710,32,29.597,34.470000,1088.197000,6,7,2429,54
1760257027.439637,33,29.583,34.868000,1123.065000,6,8,2429,54
1760257028.439685,34,29.653,35.091000,1158.156000,7,8,2429,54
1760257029.439786,35,29.705,35.339000,1193.495000,7,8,2429,54
1760257030.439564,36,29.728,35.487000,1228.982000,7,8,2429,54
1760257031.439638,37,30.014,35.871000,1264.853000,7,8,2429,54
1760257032.439540,38,30.249,36.346000,1301.199000,7,8,2429,54
1760257033.439675,39,30.152,36.340000,1337.539000,6,7,2429,54
1760257034.439538,40,29.957,36.513000,1374.052000,7,8,2429,54
1760257035.439674,41,30.060,36.718000,1410.770000,6,8,2429,54
1760257036.439627,42,30.251,37.095000,1447.865000,7,8,2429,55
1760257037.439841,43,30.424,37.451000,1485.316000,6,7,2429,55
1760257038.439568,44,30.519,38.026000,1523.342000,7,8,2429,54
1760257039.439565,45,30.392,37.672000,1561.014000,7,8,2429,55
1760257040.439826,46,30.334,37.847000,1598.861000,7,8,2429,55
1760257041.439674,47,30.312,38.216000,1637.077000,7,8,2429,55
1760257042.439552,48,30.236,38.151000,1675.228000,7,8,2429,55
1760257043.439680,49,30.416,38.532000,1713.760000,7,8,2429,55
1760257044.439951,50,30.194,38.541000,1752.301000,7,8,2429,55
1760257045.439626,51,30.228,38.840000,1791.141000,6,7,2429,55
1760257046.439554,52,30.099,38.830000,1829.971000,7,8,2429,55
1760257047.439898,53,30.016,38.832000,1868.803000,7,7,2429,55
1760257048.439532,54,30.043,39.952000,1908.755000,7,8,2429,55
1760257049.439568,55,30.113,39.447000,1948.202000,6,8,2429,55
1760257050.439647,56,30.351,40.273000,1988.475000,8,8,2429,55
1760257051.439534,57,30.247,40.126000,2028.601000,6,8,2429,55
1760257052.439568,58,30.168,39.996000,2068.597000,6,7,2429,55
1760257053.439563,59,30.016,40.060000,2108.657000,7,8,2429,55
1760257054.439554,60,30.110,40.157000,2148.814000,6,7,2429,55
1760257055.439550,61,30.271,40.682000,2189.496000,7,8,2429,55
1760257056.439533,62,30.090,40.565000,2230.061000,7,8,2429,55
1760257057.439579,63,29.787,40.521000,2270.582000,6,7,2429,55
1760257058.439646,64,29.853,40.741000,2311.323000,6,7,2429,55
1760257059.439536,65,30.124,32.814000,2344.137000,7,8,2429,55
1760257060.439561,66,30.154,32.840000,2376.977000,6,7,2429,55
1760257061.439551,67,30.188,32.979000,2409.956000,6,7,2429,55
1760257062.439534,68,30.095,32.885000,2442.841000,6,7,2429,55
1760257063.439568,69,30.300,33.042000,2475.883000,7,8,2429,55
1760257064.439636,70,30.229,32.918000,2508.801000,7,8,2429,55
1760257065.439561,71,30.334,33.122000,2541.923000,6,7,2429,55
1760257066.439637,72,30.315,33.055000,2574.978000,7,8,2429,55
1760257067.439537,73,30.525,33.269000,2608.247000,7,8,2429,55
1760257068.439627,74,30.528,33.405000,2641.652000,6,7,2429,55
1760257069.439630,75,30.156,32.931000,2674.583000,6,7,2429,55
1760257070.439560,76,29.939,32.699000,2707.282000,7,8,2429,55
1760257071.439785,77,30.114,32.803000,2740.085000,7,8,2429,55
1760257072.439546,78,30.246,32.967000,2773.052000,7,8,2429,55
1760257073.439649,79,30.238,32.975000,2806.027000,7,8,2429,55
1760257074.439619,80,30.196,33.327000,2839.354000,7,8,2429,56
1760257075.439542,81,30.303,33.467000,2872.821000,7,8,2429,56
1760257076.439569,82,30.465,33.811000,2906.632000,6,8,2429,56
1760257077.439647,83,30.392,34.064000,2940.696000,7,8,2429,56
1760257078.439554,84,30.392,34.073000,2974.769000,6,7,2429,56
1760257079.439530,85,30.405,34.214000,3008.983000,7,8,2429,56
1760257080.439549,86,30.469,34.357000,3043.340000,7,8,2429,55
1760257081.439637,87,30.438,34.446000,3077.786000,7,8,2429,55
1760257082.439631,88,30.468,34.675000,3112.461000,7,8,2429,55
1760257083.439552,89,30.503,35.038000,3147.499000,6,7,2429,55
1760257084.439531,90,30.402,35.086000,3182.585000,7,8,2429,55
1760257085.439567,91,30.338,35.054000,3217.639000,7,8,2429,55
1760257086.439646,92,30.026,34.935000,3252.574000,7,8,2539,55
1760257087.439572,93,30.402,35.739000,3288.313000,7,8,2133,55
1760257088.439531,94,30.467,35.978000,3324.291000,7,8,1617,56
1760257089.439535,95,30.967,36.522000,3360.813000,7,8,2429,56
1760257090.439771,96,29.848,35.541000,3396.354000,6,8,2429,56
1760257091.439629,97,30.356,36.432000,3432.786000,7,8,2429,56
1760257092.439532,98,30.426,36.553000,3469.339000,7,8,2429,56
1760257093.439529,99,30.359,36.553000,3505.892000,7,8,2429,56
1760257094.439633,100,30.203,36.589000,3542.481000,6,8,2429,56
1760257095.439570,101,30.179,36.991000,3579.472000,7,8,2429,56
1760257096.439530,102,30.223,37.035000,3616.507000,7,8,2429,55
1760257097.439549,103,29.978,36.960000,3653.467000,7,8,2429,56
1760257098.439559,104,30.035,37.334000,3690.801000,6,7,2429,56
1760257099.439560,105,29.994,37.442000,3728.243000,7,8,2429,55
1760257100.439546,106,29.937,37.525000,3765.768000,6,8,2429,55
1760257101.439625,107,29.994,37.822000,3803.590000,7,8,2429,56
1760257102.439633,108,30.084,38.082000,3841.672000,7,8,2429,56
1760257103.439690,109,30.082,38.297000,3879.969000,6,7,2429,55
1760257104.439549,110,30.253,38.791000,3918.760000,7,8,2429,56
1760257105.439630,111,30.418,38.987000,3957.747000,7,8,2429,56
1760257106.439531,112,30.265,39.011000,3996.758000,7,8,2429,56
1760257107.439642,113,30.326,39.257000,4036.015000,6,7,2429,56
1760257108.439529,114,30.387,39.674000,4075.689000,7,8,2429,56
1760257109.439568,115,30.458,39.649000,4115.338000,7,8,2429,56
1760257110.439690,116,30.440,39.906000,4155.244000,7,8,2429,56
1760257111.439614,117,30.346,40.186000,4195.430000,7,8,2429,56
1760257112.439620,118,30.493,40.351000,4235.781000,6,8,2429,56
1760257113.439629,119,30.327,40.424000,4276.205000,7,8,2429,56
1760257114.439589,120,30.208,40.494000,4316.699000,7,8,2429,56
1760257115.439583,121,29.963,40.446000,4357.145000,6,8,2429,56
1760257116.439561,122,29.952,40.701000,4397.846000,7,7,2429,56
1760257117.439640,123,30.046,40.980000,4438.826000,6,7,2429,56
1760257118.439567,124,30.049,41.163000,4479.989000,7,8,2429,56
1760257119.439543,125,29.860,32.498000,4512.487000,7,8,2429,56
1760257120.439671,126,29.938,32.616000,4545.103000,7,8,2429,56
1760257121.439572,127,29.778,32.421000,4577.524000,6,8,2429,56
1760257122.439630,128,29.672,32.354000,4609.878000,7,8,2429,56
1760257123.439639,129,29.356,32.127000,4642.005000,6,7,2539,56
1760257124.439709,130,29.703,32.438000,4674.443000,6,7,2023,56
1760257125.439552,131,29.938,32.628000,4707.071000,7,7,2242,56
1760257126.439557,132,30.387,33.091000,4740.162000,7,8,2429,56
1760257127.439939,133,29.967,32.652000,4772.814000,6,8,2429,56
1760257128.439643,134,30.058,32.772000,4805.586000,6,7,2539,56
1760257129.439569,135,30.697,33.482000,4839.068000,7,8,2023,56
1760257130.439559,136,30.315,32.987000,4872.055000,6,7,2023,56
1760257131.439714,137,30.708,33.500000,4905.555000,7,8,2429,56
1760257132.439551,138,29.919,32.617000,4938.172000,6,8,2429,56
1760257133.439636,139,30.390,33.296000,4971.468000,7,8,2429,56
1760257134.439636,140,30.625,33.790000,5005.258000,6,8,2429,56
1760257135.439532,141,30.751,34.192000,5039.450000,7,8,2429,56
1760257136.439571,142,30.601,33.905000,5073.355000,6,8,2429,56
1760257137.439568,143,30.445,34.127000,5107.482000,7,8,2429,56
1760257138.439557,144,30.630,34.315000,5141.797000,6,8,2429,56
1760257139.439573,145,30.300,34.059000,5175.856000,7,8,2429,56
1760257140.439785,146,30.300,34.194000,5210.050000,7,8,2429,56
1760257141.439630,147,30.098,34.360000,5244.410000,6,7,2429,56
1760257142.439633,148,30.222,34.565000,5278.975000,7,8,2429,56
1760257143.439536,149,30.226,34.933000,5313.908000,7,8,2429,56
1760257144.439636,150,30.016,34.782000,5348.690000,7,8,2429,56
1760257145.439528,151,29.969,34.887000,5383.577000,7,8,2429,56
1760257146.439670,152,29.776,34.724000,5418.301000,6,8,2429,56
1760257147.439630,153,29.832,35.124000,5453.425000,7,8,2429,56
1760257148.439571,154,29.913,35.314000,5488.739000,8,8,2429,56
1760257149.439571,155,30.374,36.055000,5524.794000,7,8,2429,56
1760257150.439529,156,30.379,36.262000,5561.056000,7,8,2429,56
1760257151.439633,157,30.439,36.442000,5597.498000,6,8,2429,56
1760257152.439632,158,30.384,36.676000,5634.174000,7,8,2429,56
1760257153.439550,159,30.179,36.589000,5670.763000,6,7,2429,56
1760257154.439535,160,30.164,36.849000,5707.612000,6,8,2429,56
1760257155.439554,161,30.350,37.079000,5744.691000,6,8,2429,56
1760257156.439671,162,30.173,37.160000,5781.851000,7,8,2429,56
1760257157.439629,163,29.600,36.841000,5818.692000,7,8,2429,56
1760257158.439576,164,29.877,37.369000,5856.061000,6,8,2429,56
1760257159.439549,165,30.020,37.549000,5893.610000,7,8,2429,56
1760257160.439702,166,30.096,37.791000,5931.401000,7,8,2429,56
1760257161.439532,167,30.257,38.159000,5969.560000,7,8,2429,56
1760257162.439725,168,30.231,38.234000,6007.794000,7,8,2429,56
1760257163.439545,169,30.108,38.440000,6046.234000,6,8,2429,56
1760257164.439559,170,29.961,38.449000,6084.683000,7,8,2429,56
1760257165.439706,171,29.916,38.468000,6123.151000,7,8,2429,56
1760257166.439558,172,30.068,38.945000,6162.096000,7,8,2429,56
1760257167.439529,173,30.164,39.226000,6201.322000,7,8,2429,56
1760257168.439543,174,30.205,39.369000,6240.691000,7,8,2429,56
1760257169.439545,175,30.171,39.580000,6280.271000,7,8,2429,56
1760257170.439647,176,30.178,39.679000,6319.950000,6,7,2429,56
1760257171.439571,177,30.395,40.377000,6360.327000,7,8,2429,56
1760257172.439630,178,30.644,40.555000,6400.882000,7,8,2429,56
1760257173.439554,179,30.488,40.661000,6441.543000,6,8,2429,56
1760257174.439551,180,30.235,40.540000,6482.083000,7,8,2429,56
1760257175.439547,181,30.188,40.675000,6522.758000,7,8,2429,56
1760257176.439624,182,30.188,40.945000,6563.703000,9,8,2539,56
1760257177.439548,183,30.316,41.245000,6604.948000,8,8,2244,56
1760257178.439569,184,31.074,42.110000,6647.058000,7,8,2023,56
