ts,t_rel_s,power_w,energy_j_this_sec,energy_j_total,gpu_util_percent,mem_util_percent,mem_used_MiB,temp_c
1760320017.051729,0,14.378,0.000000,0.000000,6,7,899,53
1760320018.051800,1,32.363,39.219000,39.219000,7,9,1399,56
1760320019.051726,2,34.714,38.761000,77.980000,7,9,1899,56
1760320020.051735,3,34.687,39.134000,117.114000,10,10,2202,57
1760320021.051758,4,36.397,40.693000,157.807000,15,10,2688,57
1760320022.051721,5,35.943,40.538000,198.345000,7,9,2899,58
1760320023.051758,6,35.472,40.077000,238.422000,7,9,2899,58
1760320024.051758,7,35.545,40.351000,278.773000,7,9,2899,58
1760320025.051769,8,35.084,40.155000,318.928000,8,9,2899,58
1760320026.051719,9,35.294,40.319000,359.247000,7,8,2899,58
1760320027.051758,10,35.215,40.526000,399.773000,7,9,2899,58
1760320028.051717,11,34.780,40.386000,440.159000,7,9,2899,58
1760320029.051759,12,35.265,40.935000,481.094000,7,8,2899,58
1760320030.051770,13,35.143,40.981000,522.075000,6,8,2899,58
1760320031.051757,14,35.535,38.332000,560.407000,7,9,2899,59
1760320032.051757,15,35.770,41.292000,601.699000,6,8,2899,59
1760320033.051718,16,35.906,38.418000,640.117000,7,9,2899,59
1760320034.051757,17,35.612,38.377000,678.494000,7,8,2899,59
1760320035.051780,18,35.710,38.534000,717.028000,7,8,2899,59
1760320036.051778,19,36.007,38.718000,755.746000,8,9,2899,60
1760320037.051759,20,35.717,38.323000,794.069000,7,9,2899,60
1760320038.051765,21,35.477,38.284000,832.353000,6,8,2899,60
1760320039.051722,22,35.477,38.310000,870.663000,8,9,2899,60
1760320040.051793,23,35.162,37.866000,908.529000,7,9,2899,60
1760320041.051758,24,35.480,39.656000,948.185000,8,9,2899,60
1760320042.051767,25,35.638,38.388000,986.573000,7,9,2899,60
1760320043.051773,26,35.482,38.224000,1024.797000,7,9,2899,60
1760320044.051804,27,35.262,39.585000,1064.382000,6,8,2899,61
1760320045.051769,28,35.701,38.673000,1103.055000,7,9,2899,61
1760320046.051806,29,36.303,39.136000,1142.191000,8,9,2899,61
1760320047.051804,30,35.915,38.708000,1180.899000,7,9,2899,61
1760320048.051792,31,35.933,40.282000,1221.181000,8,9,2899,61
1760320049.051739,32,36.223,40.670000,1261.851000,7,8,2899,61
1760320050.051804,33,36.798,41.061000,1302.912000,7,9,2899,62
1760320051.051767,34,37.088,40.468000,1343.380000,7,9,2899,62
1760320052.051805,35,37.011,40.668000,1384.048000,7,9,2899,62
1760320053.051877,36,36.971,40.700000,1424.748000,6,8,2899,62
1760320054.051804,37,36.786,40.882000,1465.630000,7,8,2899,62
1760320055.051768,38,36.521,40.549000,1506.179000,7,9,2899,62
1760320056.051805,39,36.804,41.355000,1547.534000,7,8,2899,62
1760320057.051805,40,37.071,41.542000,1589.076000,7,9,2899,61
1760320058.051745,41,37.175,41.856000,1630.932000,7,9,2899,61
1760320059.051803,42,36.933,42.109000,1673.041000,6,8,2899,61
1760320060.051740,43,36.765,42.013000,1715.054000,7,8,2899,61
1760320061.051773,44,36.633,41.794000,1756.848000,7,8,2899,61
1760320062.051720,45,36.607,41.827000,1798.675000,7,9,2899,61
1760320063.051807,46,36.374,41.880000,1840.555000,7,8,2899,61
1760320064.051742,47,36.032,41.792000,1882.347000,6,8,2899,61
1760320065.051806,48,36.437,42.243000,1924.590000,7,9,2899,61
1760320066.051718,49,36.552,42.537000,1967.127000,8,9,2899,61
1760320067.051806,50,36.417,42.552000,2009.679000,7,9,2899,60
1760320068.051803,51,36.424,42.718000,2052.397000,7,9,2899,60
1760320069.051722,52,36.271,42.748000,2095.145000,6,8,2899,60
1760320070.051806,53,36.100,42.784000,2137.929000,7,8,2899,60
1760320071.051805,54,35.867,42.679000,2180.608000,7,8,2899,60
1760320072.051757,55,36.228,43.371000,2223.979000,7,9,2899,60
1760320073.051806,56,36.390,43.630000,2267.609000,7,8,2899,60
1760320074.051805,57,36.133,43.577000,2311.186000,7,9,2899,60
1760320075.051778,58,35.885,43.340000,2354.526000,6,8,2899,60
1760320076.051806,59,35.548,43.019000,2397.545000,8,9,2899,60
1760320077.051807,60,36.037,44.156000,2441.701000,6,8,2899,60
1760320078.051804,61,36.037,44.220000,2485.921000,7,8,2899,60
1760320079.051720,62,35.718,43.795000,2529.716000,6,8,2899,59
1760320080.051739,63,36.407,45.190000,2574.906000,8,9,2899,59
1760320081.051805,64,36.384,44.941000,2619.847000,6,8,2899,60
1760320082.051805,65,36.416,45.112000,2664.959000,7,9,2899,59
1760320083.051807,66,36.410,45.257000,2710.216000,7,8,2899,59
1760320084.051804,67,36.293,45.580000,2755.796000,7,9,2899,59
1760320085.051806,68,36.249,45.492000,2801.288000,7,8,2899,59
1760320086.051717,69,36.184,45.601000,2846.889000,6,8,2899,59
1760320087.051813,70,36.202,45.827000,2892.716000,7,8,2899,59
1760320088.051758,71,36.137,46.053000,2938.769000,7,9,2899,59
1760320089.051805,72,36.127,46.189000,2984.958000,7,8,2899,59
1760320090.051804,73,36.178,46.349000,3031.307000,7,8,2899,59
1760320091.051739,74,36.712,47.174000,3078.481000,7,9,2899,58
1760320092.051765,75,36.690,47.423000,3125.904000,8,9,2899,58
1760320093.051717,76,36.202,46.550000,3172.454000,6,8,2899,59
1760320094.051777,77,36.191,46.900000,3219.354000,7,8,2899,58
1760320095.051724,78,36.024,38.771000,3258.125000,7,9,2899,58
1760320096.051757,79,35.746,38.463000,3296.588000,7,8,2899,58
1760320097.051760,80,35.798,38.434000,3335.022000,7,9,2899,58
1760320098.051727,81,35.516,38.326000,3373.348000,7,8,2899,58
1760320099.051778,82,35.839,38.648000,3411.996000,8,9,2899,58
1760320100.051723,83,35.855,38.414000,3450.410000,7,9,2899,58
1760320101.051758,84,35.466,38.291000,3488.701000,7,8,2899,58
1760320102.051761,85,35.277,37.930000,3526.631000,7,8,2899,58
1760320103.051723,86,34.975,37.799000,3564.430000,6,8,2899,58
1760320104.051778,87,35.221,38.049000,3602.479000,8,9,2899,58
1760320105.051734,88,35.665,38.490000,3640.969000,6,8,2899,58
1760320106.051716,89,35.803,38.667000,3679.636000,7,9,2899,58
1760320107.051806,90,35.635,38.199000,3717.835000,7,9,2899,58
1760320108.051768,91,35.345,38.161000,3755.996000,7,8,2899,57
1760320109.051743,92,35.650,38.553000,3794.549000,8,9,2899,58
1760320110.051769,93,35.332,38.190000,3832.739000,6,8,2899,57
1760320111.051727,94,35.086,38.134000,3870.873000,7,9,2899,57
1760320112.051806,95,35.179,38.384000,3909.257000,6,8,2899,57
1760320113.051731,96,35.293,39.162000,3948.419000,6,8,2899,57
1760320114.051743,97,35.222,38.869000,3987.288000,8,9,2899,57
1760320115.051811,98,35.436,38.952000,4026.240000,6,8,2899,57
1760320116.051806,99,35.323,39.258000,4065.498000,6,8,2899,57
1760320117.051807,100,35.383,39.422000,4104.920000,7,9,2899,57
1760320118.051809,101,35.852,39.961000,4144.881000,7,8,2899,57
1760320119.051805,102,35.464,39.643000,4184.524000,6,8,2899,57
1760320120.051808,103,35.352,39.911000,4224.435000,8,9,2899,57
1760320121.051807,104,35.065,39.631000,4264.066000,7,9,2899,57
1760320122.051766,105,34.872,39.692000,4303.758000,6,8,2899,57
1760320123.051738,106,35.165,40.184000,4343.942000,7,9,2899,57
1760320124.051722,107,34.890,39.912000,4383.854000,5,7,2899,57
1760320125.051741,108,34.329,39.878000,4423.732000,7,8,2899,57
1760320126.051807,109,34.699,40.157000,4463.889000,7,9,2899,57
1760320127.051805,110,34.467,40.185000,4504.074000,7,8,2899,57
1760320128.051764,111,34.210,40.057000,4544.131000,7,8,3009,56
1760320129.051786,112,34.136,40.329000,4584.460000,10,9,2469,56
1760320130.051804,113,35.067,41.699000,4626.159000,7,8,2399,57
1760320131.051760,114,34.837,41.234000,4667.393000,7,8,2610,56
1760320132.051766,115,34.788,41.305000,4708.698000,6,9,3009,57
1760320133.051757,116,34.503,41.342000,4750.040000,9,9,2762,57
1760320134.051807,117,34.953,41.499000,4791.539000,6,8,2399,57
1760320135.051786,118,33.303,40.550000,4832.089000,6,8,2442,56
1760320136.051758,119,35.429,42.999000,4875.088000,9,9,2399,57
1760320137.051750,120,34.974,42.302000,4917.390000,6,8,2414,56
1760320138.051806,121,35.409,43.196000,4960.586000,7,8,2899,57
1760320139.051770,122,34.062,41.641000,5002.227000,7,10,2899,56
1760320140.051793,123,34.431,42.749000,5044.976000,7,8,2899,56
1760320141.051760,124,34.879,43.042000,5088.018000,7,9,2899,56
1760320142.051759,125,35.174,43.406000,5131.424000,7,9,2899,56
1760320143.051719,126,35.156,43.617000,5175.041000,7,8,2899,56
1760320144.052235,127,35.170,43.666000,5218.707000,7,8,2899,57
1760320145.051787,128,35.215,44.207000,5262.914000,7,8,2899,56
1760320146.051772,129,34.855,43.848000,5306.762000,7,8,2899,56
1760320147.051811,130,34.678,43.912000,5350.674000,6,8,2899,56
1760320148.051745,131,33.989,42.943000,5393.617000,8,10,2899,56
1760320149.051804,132,34.111,43.915000,5437.532000,7,8,2899,56
1760320150.051806,133,34.585,44.422000,5481.954000,7,9,2899,56
1760320151.051803,134,35.102,44.948000,5526.902000,6,8,2899,56
1760320152.051808,135,33.524,43.987000,5570.889000,7,9,2899,56
1760320153.051748,136,34.457,45.138000,5616.027000,7,8,2899,56
1760320154.051806,137,33.465,43.929000,5659.956000,7,9,2899,56
1760320155.051807,138,35.153,45.733000,5705.689000,7,9,2899,56
1760320156.051738,139,34.893,45.650000,5751.339000,7,9,2899,56
1760320157.051805,140,34.931,45.749000,5797.088000,6,8,2899,56
1760320158.051735,141,34.716,45.899000,5842.987000,7,9,2899,56
1760320159.051721,142,34.940,37.725000,5880.712000,6,7,2899,56
1760320160.051719,143,34.935,37.651000,5918.363000,6,8,2899,56
1760320161.051757,144,34.739,37.235000,5955.598000,6,8,2899,56
1760320162.051755,145,33.357,36.073000,5991.671000,6,8,2899,56
1760320163.051774,146,34.691,37.597000,6029.268000,7,9,2899,56
1760320164.051779,147,34.878,37.577000,6066.845000,7,8,2899,55
1760320165.051761,148,34.486,37.080000,6103.925000,6,8,2899,56
1760320166.051762,149,33.476,36.298000,6140.223000,7,9,2899,55
1760320167.051758,150,34.804,37.551000,6177.774000,7,9,2899,56
1760320168.051719,151,34.565,37.262000,6215.036000,7,9,2899,55
1760320169.051758,152,34.606,37.303000,6252.339000,7,9,2899,55
1760320170.051760,153,34.057,36.514000,6288.853000,6,9,2899,55
1760320171.051758,154,33.340,36.480000,6325.333000,7,8,2899,55
1760320172.051718,155,33.728,36.516000,6361.849000,7,8,2899,55
1760320173.051718,156,33.246,36.100000,6397.949000,7,8,2899,55
1760320174.051722,157,34.246,37.121000,6435.070000,6,8,2899,55
1760320175.051721,158,34.678,37.973000,6473.043000,7,9,2899,55
1760320176.051770,159,35.061,38.204000,6511.247000,7,9,2899,55
1760320177.051715,160,34.570,38.146000,6549.393000,7,9,2899,55
1760320178.051719,161,34.651,38.163000,6587.556000,6,8,2899,55
1760320179.051761,162,33.469,37.151000,6624.707000,7,9,2899,55
1760320180.051720,163,33.396,36.937000,6661.644000,8,10,2899,55
1760320181.051804,164,33.435,37.632000,6699.276000,6,8,2899,55
1760320182.051804,165,33.260,37.398000,6736.674000,6,8,2899,55
1760320183.051810,166,33.742,37.986000,6774.660000,7,9,2899,55
1760320184.051866,167,33.522,38.583000,6813.243000,7,8,2899,55
1760320185.051811,168,33.354,37.675000,6850.918000,6,9,2899,55
1760320186.051758,169,33.399,38.802000,6889.720000,6,7,2899,55
1760320187.051805,170,34.302,39.308000,6929.028000,7,9,2899,55
1760320188.051806,171,34.329,39.617000,6968.645000,6,7,2899,55
1760320189.051805,172,33.917,39.272000,7007.917000,7,9,2899,55
1760320190.051776,173,34.032,39.704000,7047.621000,6,8,2899,55
1760320191.051761,174,34.516,40.211000,7087.832000,7,8,2899,55
1760320192.051729,175,32.863,38.654000,7126.486000,6,8,2899,55
1760320193.051723,176,33.653,39.970000,7166.456000,8,9,2899,55
1760320194.051807,177,33.023,38.835000,7205.291000,8,10,2899,55
1760320195.051721,178,32.814,39.501000,7244.792000,7,9,2899,55
1760320196.051722,179,32.971,39.851000,7284.643000,7,8,2899,55
1760320197.051721,180,33.576,40.400000,7325.043000,6,8,2899,55
1760320198.051722,181,33.007,39.700000,7364.743000,6,9,2899,55
1760320199.051784,182,33.237,40.701000,7405.444000,6,8,2899,55
1760320200.051721,183,33.447,40.652000,7446.096000,6,8,2899,55
1760320201.051767,184,33.330,41.195000,7487.291000,8,9,2899,54
