ts,t_rel_s,power_w,energy_j_this_sec,energy_j_total,gpu_util_percent,mem_util_percent,mem_used_MiB,temp_c
1760267382.543897,0,25.620,0.000000,0.000000,5,7,805,50
1760267383.543857,1,28.563,33.509000,33.509000,7,8,1617,51
1760267384.543961,2,29.678,34.335000,67.844000,6,7,2023,51
1760267385.543880,3,29.827,34.646000,102.490000,8,8,2318,52
1760267386.543988,4,29.401,34.241000,136.731000,7,8,2429,52
1760267387.544085,5,29.656,34.936000,171.667000,7,8,2429,52
1760267388.543994,6,29.898,35.262000,206.929000,7,8,2429,52
1760267389.544045,7,29.880,35.493000,242.422000,7,8,2429,52
1760267390.543857,8,29.791,35.565000,277.987000,6,8,2429,52
1760267391.543856,9,29.791,35.660000,313.647000,7,8,2429,52
1760267392.543981,10,29.888,35.886000,349.533000,7,8,2429,52
1760267393.543957,11,29.796,36.055000,385.588000,8,8,2429,52
1760267394.543960,12,29.420,35.857000,421.445000,6,7,2429,52
1760267395.544303,13,29.387,36.138000,457.583000,6,8,2429,52
1760267396.544001,14,29.586,36.669000,494.252000,7,8,2429,52
1760267397.544020,15,29.742,36.909000,531.161000,5,7,2429,52
1760267398.544019,16,29.848,37.227000,568.388000,7,8,2429,52
1760267399.543878,17,29.878,37.486000,605.874000,7,8,2429,52
1760267400.543963,18,29.954,37.959000,643.833000,6,7,2429,53
1760267401.544300,19,29.875,37.990000,681.823000,7,8,2429,53
1760267402.544078,20,29.863,38.086000,719.909000,6,8,2429,53
1760267403.544299,21,29.943,38.234000,758.143000,7,8,2429,53
1760267404.543853,22,29.920,38.545000,796.688000,6,7,2429,53
1760267405.543891,23,29.948,38.567000,835.255000,7,8,2429,53
1760267406.543998,24,29.999,38.793000,874.048000,6,8,2429,53
1760267407.543991,25,30.014,38.969000,913.017000,7,8,2429,53
1760267408.543884,26,29.907,39.183000,952.200000,6,8,2429,53
1760267409.544023,27,29.892,39.237000,991.437000,8,8,2429,53
1760267410.544006,28,29.901,39.432000,1030.869000,6,8,2429,53
1760267411.544001,29,29.814,39.592000,1070.461000,6,7,2429,53
1760267412.544295,30,29.788,39.872000,1110.333000,7,8,2429,54
1760267413.543900,31,29.896,40.215000,1150.548000,6,8,2429,54
1760267414.544045,32,29.909,40.284000,1190.832000,7,8,2429,54
1760267415.544100,33,29.945,40.576000,1231.408000,6,7,2429,54
1760267416.544008,34,29.863,40.693000,1272.101000,6,7,2429,54
1760267417.543880,35,29.921,40.968000,1313.069000,6,8,2429,54
1760267418.544033,36,30.018,41.170000,1354.239000,6,7,2429,54
1760267419.543972,37,29.939,32.720000,1386.959000,7,8,2429,54
1760267420.544013,38,30.066,32.903000,1419.862000,7,8,2429,54
1760267421.544163,39,30.194,33.067000,1452.929000,7,8,2429,54
1760267422.543964,40,30.291,33.124000,1486.053000,7,8,2429,54
1760267423.543993,41,30.314,33.182000,1519.235000,7,8,2429,54
1760267424.543902,42,30.313,33.160000,1552.395000,7,8,2429,55
1760267425.543979,43,30.538,33.381000,1585.776000,7,8,2429,55
1760267426.543876,44,30.636,33.506000,1619.282000,7,7,2429,55
1760267427.544300,45,30.546,33.408000,1652.690000,8,8,2429,55
1760267428.544063,46,30.329,33.088000,1685.778000,7,8,2429,55
1760267429.544301,47,30.317,33.292000,1719.070000,6,8,2429,55
1760267430.544034,48,30.181,32.962000,1752.032000,7,8,2429,55
1760267431.544544,49,29.940,32.812000,1784.844000,6,7,2429,55
1760267432.543952,50,30.188,33.276000,1818.120000,7,8,2429,55
1760267433.544171,51,30.297,33.090000,1851.210000,7,8,2429,55
1760267434.543967,52,30.179,33.479000,1884.689000,7,8,2429,55
1760267435.543873,53,30.161,33.424000,1918.113000,6,8,2429,55
1760267436.543857,54,30.190,33.657000,1951.770000,7,8,2429,55
1760267437.544133,55,30.457,34.184000,1985.954000,7,8,2429,55
1760267438.543880,56,30.374,34.109000,2020.063000,6,8,2429,55
1760267439.544092,57,30.355,34.272000,2054.335000,8,8,2429,55
1760267440.543881,58,30.275,34.375000,2088.710000,6,7,2429,55
1760267441.544102,59,30.234,34.333000,2123.043000,7,8,2429,55
1760267442.543881,60,30.251,34.714000,2157.757000,7,8,2429,55
1760267443.543966,61,30.053,34.684000,2192.441000,7,7,2429,55
1760267444.543987,62,30.050,34.988000,2227.429000,6,8,2429,55
1760267445.543871,63,30.042,35.044000,2262.473000,6,8,2429,55
1760267446.543880,64,30.334,35.497000,2297.970000,7,8,2429,55
1760267447.543970,65,30.327,35.749000,2333.719000,7,8,2429,55
1760267448.544032,66,30.459,36.014000,2369.733000,7,8,2429,55
1760267449.543869,67,30.282,36.000000,2405.733000,6,8,2429,55
1760267450.544261,68,30.282,36.178000,2441.911000,7,7,2429,55
1760267451.544204,69,30.210,36.562000,2478.473000,6,8,2429,55
1760267452.544007,70,30.232,36.674000,2515.147000,6,7,2429,55
1760267453.544197,71,30.249,36.898000,2552.045000,7,8,2429,55
1760267454.543857,72,30.303,37.155000,2589.200000,7,8,2429,55
1760267455.543984,73,30.270,37.113000,2626.313000,7,8,2429,55
1760267456.543895,74,30.089,37.224000,2663.537000,6,8,2429,55
1760267457.543860,75,30.157,37.376000,2700.913000,7,8,2429,55
1760267458.543892,76,30.224,37.639000,2738.552000,7,8,2429,55
1760267459.544021,77,30.386,38.063000,2776.615000,8,8,2429,55
1760267460.543987,78,30.393,38.245000,2814.860000,6,7,2429,55
1760267461.543991,79,30.531,38.565000,2853.425000,7,8,2429,55
1760267462.543986,80,30.381,38.725000,2892.150000,6,7,2429,55
1760267463.543856,81,30.207,38.694000,2930.844000,6,8,2429,55
1760267464.543988,82,30.245,38.792000,2969.636000,7,8,2429,55
1760267465.543957,83,30.269,39.037000,3008.673000,7,8,2429,55
1760267466.544306,84,30.421,39.311000,3047.984000,7,8,2429,55
1760267467.544326,85,30.400,39.795000,3087.779000,7,8,2429,55
1760267468.544131,86,30.471,40.039000,3127.818000,7,8,2429,55
1760267469.543868,87,30.473,40.096000,3167.914000,7,8,2539,55
1760267470.544030,88,30.327,40.000000,3207.914000,9,9,2244,55
1760267471.544106,89,30.589,40.547000,3248.461000,7,8,2023,56
1760267472.543975,90,30.305,40.490000,3288.951000,6,8,2023,56
1760267473.544294,91,30.727,41.103000,3330.054000,7,8,2429,56
1760267474.543989,92,30.403,41.048000,3371.102000,7,8,2429,56
1760267475.543880,93,30.370,41.090000,3412.192000,6,8,2539,56
1760267476.543973,94,30.547,41.565000,3453.757000,7,8,2023,56
1760267477.543902,95,30.457,41.541000,3495.298000,8,8,1838,55
1760267478.543964,96,30.448,33.394000,3528.692000,7,8,1617,56
1760267479.543910,97,30.353,33.313000,3562.005000,12,9,1899,56
1760267480.544003,98,30.108,32.895000,3594.900000,6,8,2037,56
1760267481.543873,99,30.157,33.509000,3628.409000,7,8,2429,56
1760267482.543964,100,29.962,32.928000,3661.337000,7,8,2429,56
1760267483.543991,101,30.096,33.032000,3694.369000,6,8,2429,56
1760267484.544183,102,30.192,33.118000,3727.487000,6,8,2429,56
1760267485.544056,103,30.221,33.113000,3760.600000,7,8,2429,55
1760267486.543995,104,30.251,33.282000,3793.882000,6,7,2429,55
1760267487.544252,105,29.880,32.789000,3826.671000,7,8,2429,55
1760267488.544316,106,29.699,32.472000,3859.143000,8,8,2429,55
1760267489.543983,107,29.789,32.764000,3891.907000,7,8,2429,55
1760267490.543856,108,30.028,32.937000,3924.844000,6,8,2429,55
1760267491.544298,109,30.042,32.916000,3957.760000,7,8,2429,55
1760267492.544240,110,29.934,33.235000,3990.995000,7,8,2429,55
1760267493.544031,111,29.843,33.160000,4024.155000,6,7,2429,55
1760267494.543975,112,29.810,33.265000,4057.420000,6,7,2429,55
1760267495.543967,113,30.052,33.839000,4091.259000,7,8,2429,55
1760267496.543977,114,30.309,34.167000,4125.426000,7,8,2429,55
1760267497.543965,115,30.466,34.338000,4159.764000,7,8,2429,55
1760267498.543974,116,30.446,34.388000,4194.152000,7,8,2429,55
1760267499.543869,117,30.259,34.371000,4228.523000,7,8,2429,55
1760267500.543863,118,30.211,34.344000,4262.867000,6,7,2429,55
1760267501.543892,119,29.870,34.364000,4297.231000,7,8,2429,55
1760267502.544012,120,29.979,34.568000,4331.799000,6,7,2429,55
1760267503.543878,121,29.984,34.992000,4366.791000,7,8,2429,55
1760267504.543879,122,30.073,35.056000,4401.847000,7,8,2429,55
1760267505.543978,123,30.193,35.411000,4437.258000,7,8,2429,55
1760267506.543999,124,30.071,35.469000,4472.727000,6,7,2429,55
1760267507.544130,125,29.907,35.509000,4508.236000,7,8,2429,55
1760267508.543941,126,29.816,35.707000,4543.943000,6,8,2429,55
1760267509.544327,127,29.588,35.558000,4579.501000,7,7,2429,55
1760267510.544105,128,29.664,36.099000,4615.600000,7,7,2429,55
1760267511.543874,129,29.876,36.323000,4651.923000,6,8,2429,55
1760267512.543856,130,29.897,36.463000,4688.386000,7,7,2429,55
1760267513.543855,131,29.830,36.527000,4724.913000,7,8,2429,55
1760267514.543972,132,29.954,36.821000,4761.734000,5,7,2429,55
1760267515.543887,133,29.800,37.069000,4798.803000,7,8,2429,55
1760267516.543880,134,29.912,37.232000,4836.035000,6,7,2429,55
1760267517.544003,135,29.982,37.524000,4873.559000,9,8,2539,55
1760267518.543986,136,29.994,37.609000,4911.168000,9,8,2098,56
1760267519.544022,137,30.416,39.293000,4950.461000,7,8,2023,56
1760267520.544024,138,30.233,38.329000,4988.790000,7,8,2023,56
1760267521.543994,139,30.653,38.925000,5027.715000,6,7,2429,56
1760267522.543855,140,30.016,38.693000,5066.408000,8,8,2429,56
1760267523.543854,141,30.553,39.104000,5105.512000,6,8,2429,56
1760267524.543977,142,30.564,39.384000,5144.896000,7,8,2429,56
1760267525.543881,143,30.647,39.802000,5184.698000,6,7,2429,56
1760267526.543985,144,30.536,39.893000,5224.591000,7,8,2429,56
1760267527.544287,145,30.435,39.837000,5264.428000,6,7,2429,56
1760267528.543986,146,30.031,39.779000,5304.207000,6,7,2429,55
1760267529.543976,147,29.637,39.449000,5343.656000,6,7,2429,55
1760267530.544158,148,29.457,39.636000,5383.292000,5,7,2429,55
1760267531.543991,149,29.193,39.529000,5422.821000,7,9,2429,55
1760267532.543880,150,28.649,39.223000,5462.044000,6,7,2429,55
1760267533.544086,151,29.329,39.842000,5501.886000,6,7,2429,55
1760267534.543854,152,27.957,38.654000,5540.540000,6,8,2429,55
1760267535.544237,153,29.067,43.165000,5583.705000,6,8,2429,55
1760267536.544012,154,30.027,30.591000,5614.296000,6,8,2429,55
1760267537.543906,155,30.006,30.350000,5644.646000,7,8,2429,55
1760267538.543858,156,30.136,30.503000,5675.149000,6,6,2429,55
1760267539.543948,157,30.174,30.641000,5705.790000,7,8,2429,55
1760267540.543999,158,30.175,30.597000,5736.387000,5,7,2429,55
1760267541.543971,159,30.105,30.477000,5766.864000,7,8,2429,55
1760267542.544222,160,30.041,30.543000,5797.407000,7,7,2429,55
1760267543.543856,161,29.847,30.305000,5827.712000,7,8,2429,55
1760267544.544015,162,29.721,29.939000,5857.651000,8,8,2429,55
1760267545.543881,163,29.820,30.155000,5887.806000,6,8,2429,55
1760267546.543900,164,30.168,30.494000,5918.300000,8,8,2429,55
1760267547.544357,165,30.025,30.339000,5948.639000,6,8,2429,55
1760267548.544041,166,30.025,30.571000,5979.210000,8,8,2429,56
1760267549.543853,167,29.977,30.358000,6009.568000,6,7,2429,56
1760267550.543954,168,29.934,30.537000,6040.105000,7,8,2429,56
1760267551.543889,169,30.050,30.443000,6070.548000,7,8,2429,56
1760267552.543996,170,30.172,30.567000,6101.115000,7,7,2429,55
1760267553.544264,171,30.067,30.348000,6131.463000,7,8,2429,56
1760267554.543955,172,29.851,30.074000,6161.537000,6,7,2429,56
1760267555.544119,173,29.624,30.208000,6191.745000,7,8,2429,55
1760267556.544037,174,29.531,29.930000,6221.675000,6,8,2429,55
1760267557.543987,175,29.583,30.206000,6251.881000,6,8,2429,56
1760267558.544126,176,29.792,30.658000,6282.539000,6,7,2429,56
1760267559.543857,177,29.922,30.849000,6313.388000,6,8,2429,56
1760267560.544014,178,29.979,31.069000,6344.457000,6,8,2429,56
1760267561.543980,179,30.068,31.570000,6376.027000,7,8,2429,56
1760267562.543969,180,30.317,31.878000,6407.905000,7,8,2429,56
1760267563.544360,181,30.264,32.101000,6440.006000,5,7,2429,56
1760267564.543854,182,30.248,32.230000,6472.236000,6,8,2539,56
1760267565.543869,183,30.151,32.180000,6504.416000,8,8,1720,56
1760267566.543948,184,30.538,32.478000,6536.894000,7,8,1617,56
