ts,t_rel_s,power_w,energy_j_this_sec,energy_j_total,gpu_util_percent,mem_util_percent,mem_used_MiB,temp_c
1760271318.291641,0,25.118,0.000000,0.000000,8,8,1595,51
1760271319.291745,1,30.042,41.239000,41.239000,9,8,1899,51
1760271320.291638,2,30.078,40.792000,82.031000,8,8,2318,52
1760271321.291695,3,29.561,32.454000,114.485000,6,7,2429,52
1760271322.291733,4,29.586,40.591000,155.076000,7,8,2429,52
1760271323.291665,5,29.816,32.672000,187.748000,7,8,2429,52
1760271324.291658,6,29.645,32.541000,220.289000,7,8,2429,52
1760271325.291739,7,29.745,32.552000,252.841000,7,8,2429,52
1760271326.291736,8,29.775,32.762000,285.603000,6,8,2429,52
1760271327.291628,9,29.721,32.628000,318.231000,7,8,2429,52
1760271328.291626,10,29.511,32.334000,350.565000,7,8,2429,52
1760271329.291725,11,29.434,32.358000,382.923000,8,8,2429,53
1760271330.291737,12,29.747,32.645000,415.568000,7,8,2429,53
1760271331.291733,13,29.651,32.530000,448.098000,6,8,2429,53
1760271332.291776,14,29.723,32.552000,480.650000,7,8,2429,53
1760271333.291633,15,29.569,32.506000,513.156000,6,7,2429,53
1760271334.291737,16,29.863,32.778000,545.934000,6,8,2429,53
1760271335.291665,17,30.117,33.031000,578.965000,7,8,2429,53
1760271336.291651,18,30.070,32.858000,611.823000,7,8,2429,53
1760271337.291692,19,30.239,33.148000,644.971000,7,8,2429,53
1760271338.291978,20,30.173,33.128000,678.099000,8,9,2429,54
1760271339.291754,21,30.138,33.677000,711.776000,6,8,2429,54
1760271340.291667,22,30.086,33.551000,745.327000,7,8,2429,54
1760271341.291756,23,30.026,33.697000,779.024000,7,8,2429,54
1760271342.291939,24,29.922,33.675000,812.699000,8,8,2429,54
1760271343.291728,25,29.954,33.848000,846.547000,7,8,2429,54
1760271344.291668,26,29.932,33.930000,880.477000,6,8,2429,54
1760271345.291745,27,29.905,34.187000,914.664000,6,7,2429,54
1760271346.291730,28,29.697,34.109000,948.773000,6,8,2429,54
1760271347.292027,29,29.735,34.299000,983.072000,7,8,2429,54
1760271348.291746,30,29.694,34.600000,1017.672000,7,8,2429,54
1760271349.291730,31,29.893,34.849000,1052.521000,7,8,2429,54
1760271350.291627,32,29.915,35.089000,1087.610000,7,8,2429,54
1760271351.291629,33,29.999,35.210000,1122.820000,8,8,2429,54
1760271352.291719,34,30.020,35.406000,1158.226000,8,8,2429,54
1760271353.291650,35,30.051,35.741000,1193.967000,7,8,2429,55
1760271354.291664,36,30.059,35.894000,1229.861000,7,8,2429,55
1760271355.292041,37,30.214,36.285000,1266.146000,7,8,2429,55
1760271356.291731,38,30.517,36.988000,1303.134000,7,8,2429,55
1760271357.291753,39,30.495,36.923000,1340.057000,8,8,2429,55
1760271358.291669,40,30.248,36.890000,1376.947000,6,7,2429,55
1760271359.291993,41,30.291,37.156000,1414.103000,6,8,2429,55
1760271360.291626,42,30.470,37.765000,1451.868000,6,7,2429,55
1760271361.291718,43,30.716,37.917000,1489.785000,7,8,2429,55
1760271362.291654,44,30.763,38.143000,1527.928000,7,8,2429,55
1760271363.291626,45,30.662,38.206000,1566.134000,6,7,2429,55
1760271364.291625,46,30.668,38.368000,1604.502000,7,8,2429,55
1760271365.291631,47,30.535,38.472000,1642.974000,6,7,2429,55
1760271366.291652,48,30.456,38.762000,1681.736000,6,8,2429,55
1760271367.291627,49,30.554,39.266000,1721.002000,6,8,2429,55
1760271368.291627,50,30.345,39.164000,1760.166000,6,7,2429,55
1760271369.291667,51,30.421,39.113000,1799.279000,8,8,2429,55
1760271370.291648,52,30.264,39.116000,1838.395000,6,7,2429,55
1760271371.292026,53,30.159,39.254000,1877.649000,6,7,2429,55
1760271372.291730,54,30.241,39.770000,1917.419000,7,8,2429,55
1760271373.291740,55,30.322,39.856000,1957.275000,6,8,2429,55
1760271374.291642,56,30.505,40.307000,1997.582000,7,8,2429,55
1760271375.291658,57,30.528,40.309000,2037.891000,7,8,2429,55
1760271376.291643,58,30.481,40.506000,2078.397000,7,8,2429,55
1760271377.291741,59,30.244,40.351000,2118.748000,6,7,2429,55
1760271378.291774,60,30.280,40.877000,2159.625000,6,7,2429,55
1760271379.291737,61,30.506,41.209000,2200.834000,7,8,2429,55
1760271380.291728,62,30.299,41.259000,2242.093000,7,8,2429,55
1760271381.291633,63,30.128,41.113000,2283.206000,6,7,2429,55
1760271382.292001,64,30.044,41.288000,2324.494000,7,7,2429,55
1760271383.291634,65,30.297,33.057000,2357.551000,7,8,2429,56
1760271384.291990,66,30.426,33.195000,2390.746000,7,8,2429,55
1760271385.291724,67,30.446,33.279000,2424.025000,6,7,2429,56
1760271386.291731,68,30.392,33.210000,2457.235000,7,8,2429,56
1760271387.291627,69,30.560,33.275000,2490.510000,7,7,2429,56
1760271388.291663,70,30.398,33.260000,2523.770000,7,8,2429,56
1760271389.291626,71,30.633,33.396000,2557.166000,7,8,2429,56
1760271390.291658,72,30.543,33.228000,2590.394000,7,8,2429,56
1760271391.291747,73,30.752,33.541000,2623.935000,7,8,2429,56
1760271392.291923,74,30.809,33.783000,2657.718000,7,8,2429,56
1760271393.291661,75,30.427,33.159000,2690.877000,5,7,2429,56
1760271394.291649,76,30.237,33.102000,2723.979000,8,8,2429,56
1760271395.291730,77,30.448,33.164000,2757.143000,7,8,2429,56
1760271396.291651,78,30.534,33.491000,2790.634000,7,8,2429,56
1760271397.291668,79,30.669,33.605000,2824.239000,7,8,2429,56
1760271398.291631,80,30.542,33.743000,2857.982000,6,7,2429,56
1760271399.291932,81,30.489,33.789000,2891.771000,6,8,2429,56
1760271400.291888,82,30.649,34.496000,2926.267000,7,8,2429,56
1760271401.291732,83,30.602,34.341000,2960.608000,7,8,2429,56
1760271402.291642,84,30.649,34.338000,2994.946000,7,8,2429,56
1760271403.291722,85,30.658,34.546000,3029.492000,6,8,2429,56
1760271404.291762,86,30.721,34.786000,3064.278000,8,8,2429,56
1760271405.291712,87,30.738,35.105000,3099.383000,7,8,2429,56
1760271406.291791,88,30.787,35.314000,3134.697000,7,8,2429,56
1760271407.291640,89,30.800,35.468000,3170.165000,7,8,2429,56
1760271408.291669,90,30.699,35.541000,3205.706000,6,7,2429,56
1760271409.291667,91,30.754,35.926000,3241.632000,10,9,2539,56
1760271410.291644,92,30.256,35.302000,3276.934000,9,8,2244,56
1760271411.291643,93,30.546,35.898000,3312.832000,7,8,2133,56
1760271412.291735,94,30.799,36.386000,3349.218000,8,8,2023,56
1760271413.291737,95,30.555,36.399000,3385.617000,10,9,2415,56
1760271414.292013,96,30.356,36.286000,3421.903000,7,8,2429,56
1760271415.292033,97,30.588,37.109000,3459.012000,8,9,2429,56
1760271416.291632,98,30.794,37.223000,3496.235000,7,8,2429,56
1760271417.291667,99,30.689,37.206000,3533.441000,7,7,2429,56
1760271418.291788,100,30.594,37.352000,3570.793000,6,8,2429,56
1760271419.291835,101,30.284,37.247000,3608.040000,8,8,2429,56
1760271420.291726,102,30.294,37.603000,3645.643000,7,8,2429,56
1760271421.292201,103,29.994,37.335000,3682.978000,7,8,2429,56
1760271422.291725,104,30.080,37.871000,3720.849000,7,8,2429,56
1760271423.291661,105,30.079,37.826000,3758.675000,6,8,2429,56
1760271424.291662,106,30.018,37.852000,3796.527000,7,8,2429,56
1760271425.291947,107,30.172,38.225000,3834.752000,8,8,2429,56
1760271426.291723,108,30.206,38.671000,3873.423000,6,7,2429,56
1760271427.292058,109,30.227,38.686000,3912.109000,6,8,2429,56
1760271428.291725,110,30.443,39.266000,3951.375000,6,7,2429,56
1760271429.291723,111,30.680,39.530000,3990.905000,7,8,2429,56
1760271430.291650,112,30.600,39.626000,4030.531000,7,8,2429,56
1760271431.291629,113,30.647,39.907000,4070.438000,7,8,2429,56
1760271432.291635,114,30.606,39.950000,4110.388000,6,7,2429,56
1760271433.291813,115,30.508,40.025000,4150.413000,7,8,2429,56
1760271434.291651,116,30.606,40.473000,4190.886000,7,8,2429,56
1760271435.292025,117,30.517,40.445000,4231.331000,7,8,2429,56
1760271436.291733,118,30.478,40.924000,4272.255000,6,8,2429,56
1760271437.291745,119,30.379,40.793000,4313.048000,7,8,2429,56
1760271438.291627,120,30.199,40.738000,4353.786000,7,8,2429,56
1760271439.291728,121,29.992,40.641000,4394.427000,7,8,2429,56
1760271440.291648,122,30.125,41.062000,4435.489000,7,8,2429,56
1760271441.291723,123,30.186,41.199000,4476.688000,8,8,2429,56
1760271442.291629,124,30.231,32.946000,4509.634000,7,8,2429,56
1760271443.291774,125,29.953,32.785000,4542.419000,7,8,2429,56
1760271444.291653,126,29.906,32.691000,4575.110000,6,7,2429,56
1760271445.291667,127,29.842,32.656000,4607.766000,7,8,2429,56
1760271446.291726,128,29.856,32.586000,4640.352000,7,8,2429,56
1760271447.291727,129,29.703,32.515000,4672.867000,6,7,2539,56
1760271448.291667,130,29.572,32.416000,4705.283000,7,8,2023,56
1760271449.291968,131,29.990,32.811000,4738.094000,7,8,2023,56
1760271450.291718,132,30.422,33.207000,4771.301000,9,8,2240,56
1760271451.291644,133,30.911,33.710000,4805.011000,6,8,2429,56
1760271452.291925,134,30.325,32.997000,4838.008000,6,7,2539,56
1760271453.291659,135,30.671,33.483000,4871.491000,7,8,2023,56
1760271454.291672,136,30.907,33.687000,4905.178000,10,9,2407,57
1760271455.291729,137,30.687,33.389000,4938.567000,7,8,2429,57
1760271456.291627,138,30.662,33.794000,4972.361000,6,8,2429,56
1760271457.291917,139,30.722,33.753000,5006.114000,7,8,2429,56
1760271458.291801,140,30.814,34.525000,5040.639000,6,7,2429,56
1760271459.292008,141,30.731,34.372000,5075.011000,7,8,2429,56
1760271460.291999,142,30.800,34.559000,5109.570000,7,8,2429,56
1760271461.291664,143,30.651,34.487000,5144.057000,8,8,2429,56
1760271462.291729,144,30.876,34.735000,5178.792000,7,8,2429,56
1760271463.291666,145,30.806,34.819000,5213.611000,6,7,2429,56
1760271464.291763,146,30.830,35.059000,5248.670000,7,8,2429,56
1760271465.291737,147,30.572,35.036000,5283.706000,7,8,2429,56
1760271466.291914,148,30.504,35.151000,5318.857000,7,8,2429,56
1760271467.291650,149,30.561,35.576000,5354.433000,7,8,2429,56
1760271468.291800,150,30.369,35.419000,5389.852000,6,7,2429,56
1760271469.291724,151,30.289,35.724000,5425.576000,6,8,2429,56
1760271470.291930,152,30.219,35.588000,5461.164000,7,8,2429,56
1760271471.291720,153,30.148,35.919000,5497.083000,6,7,2429,56
1760271472.291932,154,30.107,35.900000,5532.983000,7,8,2429,56
1760271473.291737,155,30.491,36.618000,5569.601000,6,8,2429,56
1760271474.291730,156,30.598,36.733000,5606.334000,7,8,2429,56
1760271475.291739,157,30.525,36.888000,5643.222000,6,8,2429,56
1760271476.291739,158,30.500,37.062000,5680.284000,6,7,2429,56
1760271477.291687,159,30.314,37.044000,5717.328000,6,8,2429,56
1760271478.291733,160,30.309,37.151000,5754.479000,6,8,2429,56
1760271479.291663,161,30.355,37.503000,5791.982000,6,7,2429,56
1760271480.291727,162,30.581,37.831000,5829.813000,7,8,2429,56
1760271481.291656,163,30.205,37.668000,5867.481000,7,8,2429,56
1760271482.291726,164,30.327,38.097000,5905.578000,6,7,2429,56
1760271483.291726,165,30.499,38.433000,5944.011000,6,7,2429,56
1760271484.291725,166,30.653,38.595000,5982.606000,6,8,2429,56
1760271485.291735,167,30.675,38.923000,6021.529000,6,7,2429,56
1760271486.291742,168,30.583,39.135000,6060.664000,7,8,2429,56
1760271487.292013,169,30.439,39.096000,6099.760000,6,7,2429,56
1760271488.291731,170,30.359,39.422000,6139.182000,6,8,2429,56
1760271489.291980,171,30.307,39.310000,6178.492000,7,8,2429,56
1760271490.291745,172,30.314,39.663000,6218.155000,6,7,2429,56
1760271491.291658,173,30.349,39.811000,6257.966000,7,8,2429,56
1760271492.291729,174,30.364,39.825000,6297.791000,6,7,2429,56
1760271493.291626,175,30.353,40.144000,6337.935000,7,7,2429,57
1760271494.291764,176,30.523,40.440000,6378.375000,6,7,2429,56
1760271495.291640,177,30.535,40.690000,6419.065000,7,8,2429,56
1760271496.291740,178,30.571,40.735000,6459.800000,7,8,2429,57
1760271497.291656,179,30.451,40.914000,6500.714000,6,8,2429,57
1760271498.291594,180,30.587,41.237000,6541.951000,7,8,2429,57
1760271499.291762,181,30.528,41.268000,6583.219000,7,8,2429,57
1760271500.291660,182,30.737,41.846000,6625.065000,7,8,2429,57
1760271501.291665,183,30.687,41.894000,6666.959000,7,8,2539,57
1760271502.291742,184,31.140,34.252000,6701.211000,7,8,2023,57
