ts,t_rel_s,power_w,energy_j_this_sec,energy_j_total,gpu_util_percent,mem_util_percent,mem_used_MiB,temp_c
1760320251.119482,0,11.633,0.000000,0.000000,3,0,688,53
1760320252.119481,1,24.438,32.850000,32.850000,7,9,1399,55
1760320253.119483,2,34.931,38.652000,71.502000,8,9,1899,56
1760320254.119485,3,34.685,38.696000,110.198000,9,10,2363,56
1760320255.119465,4,34.408,38.665000,148.863000,13,9,2651,57
1760320256.119474,5,36.022,40.082000,188.945000,7,9,2899,57
1760320257.119464,6,35.913,40.239000,229.184000,7,9,2899,57
1760320258.119477,7,35.906,40.464000,269.648000,6,8,2899,57
1760320259.119463,8,35.205,39.962000,309.610000,7,9,2899,58
1760320260.119465,9,35.204,40.108000,349.718000,7,9,2899,58
1760320261.119465,10,34.885,39.917000,389.635000,8,9,2899,58
1760320262.119471,11,34.704,39.894000,429.529000,7,9,2899,58
1760320263.119466,12,34.762,40.269000,469.798000,7,8,2899,58
1760320264.119475,13,34.843,40.635000,510.433000,8,9,2899,58
1760320265.119480,14,34.982,40.835000,551.268000,7,8,2899,58
1760320266.119468,15,35.100,41.023000,592.291000,6,8,2899,59
1760320267.119463,16,35.579,38.528000,630.819000,8,9,2899,59
1760320268.119478,17,36.107,38.736000,669.555000,7,9,2899,59
1760320269.119471,18,35.882,40.401000,709.956000,7,9,2899,59
1760320270.119514,19,35.472,38.293000,748.249000,7,9,2899,59
1760320271.119513,20,35.944,40.196000,788.445000,8,9,2899,59
1760320272.119465,21,35.990,38.805000,827.250000,7,9,2899,60
1760320273.119465,22,35.717,38.716000,865.966000,6,7,2899,59
1760320274.119513,23,35.666,40.346000,906.312000,7,9,2899,60
1760320275.119513,24,35.622,38.299000,944.611000,7,9,2899,60
1760320276.119510,25,35.543,40.131000,984.742000,8,9,2899,60
1760320277.119509,26,35.749,38.401000,1023.143000,7,8,2899,60
1760320278.119513,27,35.327,38.132000,1061.275000,7,8,2899,60
1760320279.119463,28,35.009,38.011000,1099.286000,7,8,2899,61
1760320280.119515,29,35.449,38.398000,1137.684000,7,9,2899,61
1760320281.119517,30,35.528,38.455000,1176.139000,7,9,2899,61
1760320282.119485,31,35.362,38.041000,1214.180000,6,8,2899,61
1760320283.119509,32,35.653,39.197000,1253.377000,7,9,2899,61
1760320284.119513,33,35.979,39.516000,1292.893000,7,9,2899,61
1760320285.119466,34,35.983,39.132000,1332.025000,6,8,2899,61
1760320286.119516,35,35.994,40.685000,1372.710000,6,8,2899,62
1760320287.119778,36,36.778,40.625000,1413.335000,7,9,2899,62
1760320288.119513,37,36.351,40.376000,1453.711000,7,9,2899,61
1760320289.119485,38,36.844,40.614000,1494.325000,7,8,2899,62
1760320290.119527,39,36.205,40.883000,1535.208000,6,8,2899,62
1760320291.119477,40,36.429,40.854000,1576.062000,7,9,2899,61
1760320292.119512,41,36.167,40.791000,1616.853000,6,8,2899,62
1760320293.119513,42,36.595,41.438000,1658.291000,7,8,2899,61
1760320294.119463,43,36.657,41.617000,1699.908000,7,8,2899,61
1760320295.119485,44,36.820,42.121000,1742.029000,7,9,2899,61
1760320296.119466,45,36.729,41.819000,1783.848000,7,9,2899,61
1760320297.119515,46,36.300,41.618000,1825.466000,7,8,2899,61
1760320298.119475,47,36.366,42.050000,1867.516000,7,9,2899,61
1760320299.119518,48,36.176,41.679000,1909.195000,7,9,2899,61
1760320300.119514,49,36.521,42.511000,1951.706000,7,9,2899,61
1760320301.119514,50,35.971,42.073000,1993.779000,7,8,2899,60
1760320302.119467,51,36.076,42.389000,2036.168000,7,9,2899,60
1760320303.119848,52,36.252,42.431000,2078.599000,7,9,2899,60
1760320304.119514,53,35.985,42.827000,2121.426000,7,8,2899,60
1760320305.119514,54,35.558,42.454000,2163.880000,7,8,2899,60
1760320306.119466,55,35.960,42.744000,2206.624000,7,9,2899,60
1760320307.119513,56,36.192,43.167000,2249.791000,7,8,2899,60
1760320308.119513,57,35.900,43.379000,2293.170000,7,9,2899,60
1760320309.119527,58,36.103,43.672000,2336.842000,8,9,2899,60
1760320310.119513,59,35.741,43.015000,2379.857000,7,8,2899,60
1760320311.119509,60,35.597,43.607000,2423.464000,6,8,2899,60
1760320312.119468,61,36.056,44.072000,2467.536000,7,9,2899,59
1760320313.119513,62,35.754,43.720000,2511.256000,7,8,2899,59
1760320314.119512,63,35.806,44.320000,2555.576000,6,8,2899,59
1760320315.119515,64,35.802,44.322000,2599.898000,7,8,2899,59
1760320316.119468,65,36.321,45.159000,2645.057000,7,9,2899,59
1760320317.119509,66,36.397,45.164000,2690.221000,7,8,2899,59
1760320318.119531,67,36.716,45.939000,2736.160000,8,9,2899,59
1760320319.119485,68,36.397,45.508000,2781.668000,7,8,2899,59
1760320320.119465,69,36.023,45.270000,2826.938000,7,8,2899,59
1760320321.119517,70,36.132,45.729000,2872.667000,7,9,2899,59
1760320322.119509,71,35.690,45.478000,2918.145000,8,9,2899,59
1760320323.119515,72,35.803,45.747000,2963.892000,7,8,2899,59
1760320324.119512,73,35.442,45.340000,3009.232000,6,8,2899,59
1760320325.119467,74,35.912,46.349000,3055.581000,6,8,2899,59
1760320326.119510,75,35.999,46.587000,3102.168000,6,8,2899,59
1760320327.119516,76,36.108,46.279000,3148.447000,8,9,2899,58
1760320328.119466,77,35.725,46.448000,3194.895000,6,8,2899,58
1760320329.119513,78,35.545,38.459000,3233.354000,7,9,2899,58
1760320330.119535,79,35.828,38.463000,3271.817000,6,8,2899,58
1760320331.119509,80,35.589,38.464000,3310.281000,6,8,2899,58
1760320332.119512,81,35.380,37.964000,3348.245000,7,8,3009,58
1760320333.119465,82,35.690,38.571000,3386.816000,7,9,2399,58
1760320334.119467,83,35.888,38.709000,3425.525000,7,8,2399,58
1760320335.119464,84,35.826,38.490000,3464.015000,9,9,2863,58
1760320336.119474,85,35.127,37.666000,3501.681000,7,9,2899,58
1760320337.119467,86,35.212,37.828000,3539.509000,7,8,2899,58
1760320338.119467,87,34.822,37.626000,3577.135000,7,8,2899,58
1760320339.119466,88,35.236,38.069000,3615.204000,7,9,2899,58
1760320340.119466,89,35.305,37.958000,3653.162000,6,8,2899,58
1760320341.119462,90,35.143,37.890000,3691.052000,7,9,2899,58
1760320342.119466,91,35.204,37.898000,3728.950000,6,8,2899,58
1760320343.119514,92,35.200,37.992000,3766.942000,7,9,2899,58
1760320344.119516,93,34.974,37.835000,3804.777000,7,8,2899,57
1760320345.119517,94,33.570,36.237000,3841.014000,8,10,2899,57
1760320346.119469,95,33.744,37.517000,3878.531000,7,9,2899,57
1760320347.119476,96,34.739,37.976000,3916.507000,7,8,2899,57
1760320348.119465,97,35.121,38.753000,3955.260000,7,8,2899,57
1760320349.119465,98,34.805,38.664000,3993.924000,6,8,2899,57
1760320350.119466,99,34.991,38.595000,4032.519000,7,9,2899,57
1760320351.119467,100,35.252,39.043000,4071.562000,7,8,2899,57
1760320352.119465,101,35.296,39.319000,4110.881000,7,9,2899,57
1760320353.119515,102,35.486,39.744000,4150.625000,7,9,2899,57
1760320354.119486,103,35.371,39.770000,4190.395000,7,8,2899,57
1760320355.119609,104,35.301,39.963000,4230.358000,8,9,2899,57
1760320356.119466,105,35.319,40.245000,4270.603000,7,8,2899,57
1760320357.119467,106,35.278,40.272000,4310.875000,7,9,2899,57
1760320358.119464,107,35.134,40.218000,4351.093000,7,9,2899,57
1760320359.119463,108,34.687,39.978000,4391.071000,6,8,2899,57
1760320360.119476,109,34.671,40.209000,4431.280000,6,8,2899,57
1760320361.119468,110,35.108,40.789000,4472.069000,7,8,2899,57
1760320362.119474,111,34.818,40.548000,4512.617000,7,8,2899,57
1760320363.119465,112,34.455,40.690000,4553.307000,8,9,2899,56
1760320364.119465,113,35.051,41.093000,4594.400000,7,9,2899,57
1760320365.119464,114,34.711,41.097000,4635.497000,7,9,2899,56
1760320366.119463,115,34.686,41.091000,4676.588000,8,9,2899,56
1760320367.119464,116,33.383,39.728000,4716.316000,8,10,2899,56
1760320368.119466,117,33.261,40.413000,4756.729000,6,8,2899,56
1760320369.119539,118,33.825,40.556000,4797.285000,7,10,2899,56
1760320370.119513,119,32.672,40.422000,4837.707000,7,8,3009,56
1760320371.119484,120,33.235,40.843000,4878.550000,8,8,2509,56
1760320372.119466,121,33.444,40.961000,4919.511000,11,9,1980,56
1760320373.119512,122,34.730,42.455000,4961.966000,7,7,2371,56
1760320374.119515,123,34.814,42.831000,5004.797000,7,8,2863,57
1760320375.119487,124,34.186,41.744000,5046.541000,7,9,2899,56
1760320376.119513,125,33.096,41.928000,5088.469000,7,8,2899,56
1760320377.119465,126,35.107,43.557000,5132.026000,6,8,2899,57
1760320378.119468,127,33.251,41.658000,5173.684000,6,8,2899,56
1760320379.119465,128,34.914,43.957000,5217.641000,7,9,2899,56
1760320380.119471,129,34.950,43.997000,5261.638000,7,8,2899,56
1760320381.119475,130,34.880,43.836000,5305.474000,7,8,2899,56
1760320382.119462,131,34.253,43.749000,5349.223000,7,9,2899,56
1760320383.119462,132,34.158,43.129000,5392.352000,8,10,2899,56
1760320384.119519,133,33.014,42.997000,5435.349000,6,8,2899,56
1760320385.119465,134,33.402,43.359000,5478.708000,7,9,2899,56
1760320386.119468,135,34.174,44.003000,5522.711000,6,9,2899,56
1760320387.119462,136,33.434,44.553000,5567.264000,7,8,2899,56
1760320388.119878,137,34.179,44.979000,5612.243000,6,7,2899,56
1760320389.119469,138,33.117,43.832000,5656.075000,6,8,2899,56
1760320390.119466,139,33.311,44.051000,5700.126000,7,9,2899,56
1760320391.119465,140,34.420,45.344000,5745.470000,6,7,2899,56
1760320392.119465,141,34.588,45.769000,5791.239000,7,9,2899,56
1760320393.119468,142,34.531,37.030000,5828.269000,7,8,2899,56
1760320394.119476,143,34.429,37.187000,5865.456000,7,8,2899,56
1760320395.119485,144,34.645,37.399000,5902.855000,7,9,2899,56
1760320396.119591,145,34.705,37.278000,5940.133000,7,8,2899,56
1760320397.119490,146,32.915,35.569000,5975.702000,6,8,2899,56
1760320398.119482,147,32.927,35.469000,6011.171000,6,8,2899,55
1760320399.119514,148,34.237,37.170000,6048.341000,6,8,2899,55
1760320400.119516,149,34.243,37.035000,6085.376000,7,9,2899,55
1760320401.119515,150,34.081,36.691000,6122.067000,6,7,2899,55
1760320402.119513,151,34.339,37.212000,6159.279000,7,9,2899,55
1760320403.119512,152,34.054,36.679000,6195.958000,7,8,2899,55
1760320404.119524,153,33.410,35.733000,6231.691000,7,9,2899,55
1760320405.119461,154,33.624,36.752000,6268.443000,7,9,2899,55
1760320406.119462,155,34.102,36.844000,6305.287000,6,7,2899,55
1760320407.119476,156,33.851,36.569000,6341.856000,5,7,2899,55
1760320408.119466,157,32.819,35.854000,6377.710000,6,8,2899,55
1760320409.119466,158,34.235,37.455000,6415.165000,7,8,2899,55
1760320410.119475,159,34.234,37.523000,6452.688000,5,7,2899,55
1760320411.119476,160,34.666,38.281000,6490.969000,7,9,2899,55
1760320412.119467,161,34.699,38.358000,6529.327000,7,8,2899,55
1760320413.119466,162,34.350,38.105000,6567.432000,6,8,2899,55
1760320414.119463,163,34.245,38.041000,6605.473000,6,8,2899,55
1760320415.119462,164,33.364,37.160000,6642.633000,6,8,2899,55
1760320416.119465,165,33.952,37.911000,6680.544000,7,8,2899,55
1760320417.119478,166,34.031,38.400000,6718.944000,6,8,2899,55
1760320418.119467,167,33.671,38.051000,6756.995000,5,8,2899,55
1760320419.119461,168,33.502,38.728000,6795.723000,7,9,2899,55
1760320420.119466,169,34.444,39.123000,6834.846000,6,8,2899,55
1760320421.119464,170,34.200,39.179000,6874.025000,5,7,2899,55
1760320422.119462,171,34.301,39.656000,6913.681000,7,9,2899,55
1760320423.119466,172,34.506,39.799000,6953.480000,6,8,2899,55
1760320424.119468,173,34.286,39.688000,6993.168000,7,8,2899,55
1760320425.119467,174,33.186,38.907000,7032.075000,7,9,2899,55
1760320426.119466,175,33.828,39.630000,7071.705000,7,8,2899,55
1760320427.119468,176,34.103,40.321000,7112.026000,7,8,2899,55
1760320428.119462,177,33.837,39.995000,7152.021000,7,9,2899,55
1760320429.119467,178,33.586,39.982000,7192.003000,6,8,2899,55
1760320430.119476,179,33.542,40.030000,7232.033000,6,8,2899,55
1760320431.119472,180,32.673,39.487000,7271.520000,6,8,2899,55
1760320432.119546,181,33.709,40.763000,7312.283000,7,8,2899,55
1760320433.119478,182,32.615,39.763000,7352.046000,6,8,2899,55
1760320434.119476,183,33.556,40.882000,7392.928000,6,8,2899,54
1760320435.119472,184,33.529,41.061000,7433.989000,6,8,2899,54
