ts,t_rel_s,power_w,energy_j_this_sec,energy_j_total,gpu_util_percent,mem_util_percent,mem_used_MiB,temp_c
1760904928.138202,0,13.945,0.000000,0.000000,0,0,1193,47
1760904929.138228,1,25.294,34.267000,34.267000,12,7,1599,47
1760904930.138433,2,23.960,32.282000,66.549000,8,5,2005,47
1760904931.138326,3,23.688,32.426000,98.975000,3,4,2005,48
1760904932.138643,4,23.642,32.549000,131.524000,3,4,2005,48
1760904933.138564,5,23.619,32.859000,164.383000,3,4,2005,48
1760904934.138307,6,23.701,33.057000,197.440000,3,4,2005,48
1760904935.138390,7,23.723,33.222000,230.662000,3,4,1999,48
1760904936.138547,8,23.656,33.347000,264.009000,3,4,1999,48
1760904937.138350,9,23.694,33.568000,297.577000,3,4,1999,48
1760904938.138344,10,23.628,33.699000,331.276000,3,4,1999,48
1760904939.138447,11,23.635,33.807000,365.083000,3,4,1999,49
1760904940.138366,12,23.624,34.122000,399.205000,3,4,1999,49
1760904941.138310,13,23.663,34.311000,433.516000,3,4,1999,49
1760904942.138596,14,23.635,34.378000,467.894000,3,3,1999,49
1760904943.138509,15,23.599,34.702000,502.596000,3,3,1999,49
1760904944.138399,16,23.692,35.025000,537.621000,3,4,1999,49
1760904945.138359,17,23.667,26.480000,564.101000,3,4,1999,49
1760904946.138247,18,23.786,26.556000,590.657000,3,4,1999,49
1760904947.138597,19,23.686,26.467000,617.124000,3,4,1999,49
1760904948.138694,20,23.652,26.417000,643.541000,3,4,1999,49
1760904949.138239,21,23.782,26.574000,670.115000,3,3,1999,50
1760904950.138618,22,23.795,26.574000,696.689000,3,4,1999,50
1760904951.138579,23,23.730,26.453000,723.142000,2,3,1999,50
1760904952.138622,24,23.740,26.596000,749.738000,3,4,1999,50
1760904953.138310,25,23.754,26.524000,776.262000,3,4,1999,50
1760904954.138400,26,23.757,26.510000,802.772000,3,4,1999,50
1760904955.138348,27,23.722,26.555000,829.327000,3,4,1999,50
1760904956.138213,28,23.750,26.543000,855.870000,3,4,1999,50
1760904957.138203,29,23.787,26.462000,882.332000,3,4,1999,50
1760904958.138305,30,23.707,26.524000,908.856000,3,4,1999,50
1760904959.138236,31,23.776,26.768000,935.624000,3,4,1999,50
1760904960.138220,32,23.813,26.977000,962.601000,3,4,1999,50
1760904961.138312,33,23.834,27.085000,989.686000,3,4,1999,51
1760904962.138238,34,23.780,27.341000,1017.027000,3,4,1999,51
1760904963.138413,35,23.713,29.719000,1046.746000,3,4,1999,51
1760904964.138212,36,23.772,23.919000,1070.665000,3,4,1999,51
1760904965.138216,37,23.839,24.022000,1094.687000,3,4,1999,51
1760904966.138222,38,23.783,24.057000,1118.744000,3,3,1999,51
1760904967.138348,39,23.766,24.010000,1142.754000,3,4,1999,51
1760904968.138315,40,23.873,24.414000,1167.168000,3,4,1999,51
1760904969.138413,41,23.867,24.602000,1191.770000,3,4,1999,51
1760904970.138333,42,23.785,24.654000,1216.424000,3,4,1999,51
1760904971.138215,43,23.853,24.887000,1241.311000,2,3,1999,51
1760904972.138314,44,23.849,25.177000,1266.488000,3,4,1999,51
1760904973.138218,45,23.780,25.427000,1291.915000,2,3,1999,51
1760904974.138617,46,23.845,25.855000,1317.770000,3,4,1999,51
1760904975.138237,47,23.802,25.874000,1343.644000,3,4,1999,51
1760904976.138239,48,23.849,25.833000,1369.477000,3,4,1999,51
1760904977.138221,49,23.843,26.031000,1395.508000,2,4,1999,51
1760904978.138452,50,23.867,26.300000,1421.808000,3,4,1999,51
1760904979.138332,51,23.885,26.593000,1448.401000,3,4,1999,51
1760904980.138198,52,23.885,26.650000,1475.051000,3,4,1999,52
1760904981.138202,53,23.911,26.721000,1501.772000,3,4,1999,52
1760904982.138482,54,23.859,26.924000,1528.696000,3,3,1999,52
1760904983.138199,55,23.911,27.543000,1556.239000,3,4,1999,52
1760904984.138212,56,23.888,27.379000,1583.618000,3,4,1999,52
1760904985.138353,57,23.865,27.700000,1611.318000,3,4,1999,52
1760904986.138585,58,23.869,27.904000,1639.222000,3,4,1999,52
1760904987.138391,59,23.880,28.248000,1667.470000,3,4,1999,52
1760904988.138553,60,23.841,28.350000,1695.820000,3,4,1999,52
1760904989.138210,61,23.900,28.712000,1724.532000,2,3,1999,51
1760904990.138361,62,23.883,28.529000,1753.061000,2,4,1999,51
1760904991.138396,63,23.943,28.965000,1782.026000,3,4,1999,52
1760904992.138550,64,23.838,29.102000,1811.128000,3,4,1999,51
1760904993.138526,65,23.872,29.338000,1840.466000,3,4,1999,51
1760904994.138341,66,23.910,29.605000,1870.071000,3,4,1999,52
1760904995.138273,67,23.807,29.568000,1899.639000,3,4,1999,51
1760904996.138218,68,23.886,29.875000,1929.514000,3,4,1999,52
1760904997.138562,69,23.831,29.880000,1959.394000,3,4,1999,52
1760904998.138594,70,23.900,30.376000,1989.770000,3,4,1999,52
1760904999.138313,71,23.872,30.430000,2020.200000,3,4,1999,51
1760905000.138425,72,23.868,30.622000,2050.822000,3,4,1999,52
1760905001.138391,73,23.908,30.896000,2081.718000,3,4,1999,52
1760905002.138544,74,23.891,31.020000,2112.738000,3,4,1999,52
1760905003.138674,75,23.911,31.339000,2144.077000,3,4,1999,52
1760905004.138482,76,23.856,26.529000,2170.606000,3,4,1999,52
1760905005.138216,77,23.938,26.660000,2197.266000,3,4,1999,52
1760905006.138567,78,23.929,26.610000,2223.876000,3,4,1999,52
1760905007.138537,79,23.846,26.624000,2250.500000,2,3,1999,52
1760905008.138623,80,23.929,26.688000,2277.188000,3,4,1999,52
1760905009.138323,81,23.897,26.623000,2303.811000,3,4,1999,52
1760905010.138460,82,23.867,26.656000,2330.467000,3,3,1999,52
1760905011.138237,83,23.893,26.504000,2356.971000,3,4,1999,52
1760905012.138309,84,23.890,26.705000,2383.676000,3,4,1999,52
1760905013.138236,85,23.885,26.650000,2410.326000,2,4,1999,52
1760905014.138360,86,23.918,26.669000,2436.995000,3,4,1999,52
1760905015.138348,87,23.896,26.513000,2463.508000,3,4,1999,52
1760905016.138203,88,23.885,26.564000,2490.072000,3,4,1999,52
1760905017.138204,89,23.821,26.545000,2516.617000,3,4,1999,52
1760905018.138346,90,23.859,26.772000,2543.389000,3,4,1999,52
1760905019.138222,91,23.852,26.943000,2570.332000,3,4,1999,52
1760905020.138512,92,23.928,27.335000,2597.667000,3,4,1999,52
1760905021.138341,93,23.911,27.678000,2625.345000,3,4,1999,52
1760905022.138607,94,23.839,27.438000,2652.783000,3,4,1999,52
1760905023.138309,95,23.867,27.800000,2680.583000,3,4,1999,52
1760905024.138595,96,23.874,27.799000,2708.382000,3,4,1999,52
1760905025.138219,97,23.839,28.090000,2736.472000,2,3,1999,52
1760905026.138213,98,23.818,28.162000,2764.634000,3,4,1999,51
1760905027.138348,99,23.831,28.364000,2792.998000,2,3,1999,52
1760905028.138359,100,23.868,28.684000,2821.682000,3,4,1999,52
1760905029.138552,101,23.827,28.789000,2850.471000,3,4,1999,52
1760905030.138519,102,23.896,29.104000,2879.575000,3,4,1999,52
1760905031.138235,103,23.887,29.301000,2908.876000,3,4,1999,52
1760905032.138228,104,23.869,29.292000,2938.168000,3,4,1999,52
1760905033.138517,105,23.889,29.538000,2967.706000,3,4,1999,52
1760905034.138488,106,23.853,29.851000,2997.557000,3,4,1999,52
1760905035.138458,107,23.886,29.978000,3027.535000,3,4,1999,52
1760905036.138601,108,23.875,30.054000,3057.589000,3,4,1999,51
1760905037.138202,109,23.862,30.417000,3088.006000,3,4,1999,52
1760905038.138199,110,23.877,30.351000,3118.357000,3,4,1999,52
1760905039.138230,111,23.851,30.559000,3148.916000,3,4,1999,52
1760905040.138401,112,23.827,30.866000,3179.782000,3,4,1999,52
1760905041.138347,113,23.828,31.068000,3210.850000,3,4,1999,52
1760905042.138343,114,23.884,31.258000,3242.108000,3,4,1999,52
1760905043.138445,115,23.902,31.429000,3273.537000,3,4,1999,52
1760905044.138197,116,23.872,31.641000,3305.178000,3,3,1999,52
1760905045.138487,117,23.888,31.757000,3336.935000,3,4,1999,52
1760905046.138198,118,23.880,32.155000,3369.090000,3,4,1999,52
1760905047.138327,119,23.821,32.119000,3401.209000,3,3,1999,51
1760905048.138238,120,23.842,32.424000,3433.633000,2,4,1999,52
1760905049.138378,121,23.799,32.573000,3466.206000,3,4,1999,52
1760905050.138348,122,23.826,32.814000,3499.020000,2,4,1999,52
1760905051.138221,123,23.816,32.972000,3531.992000,3,3,1999,52
1760905052.138358,124,23.829,33.093000,3565.085000,3,4,1999,52
1760905053.138238,125,23.869,33.466000,3598.551000,3,4,1999,52
1760905054.138237,126,23.837,33.514000,3632.065000,3,4,1999,52
1760905055.138196,127,23.876,33.815000,3665.880000,3,4,1999,52
1760905056.138238,128,23.849,33.751000,3699.631000,4,4,1999,52
1760905057.138232,129,23.881,34.187000,3733.818000,3,4,1999,52
1760905058.138364,130,23.920,34.310000,3768.128000,3,4,1999,52
1760905059.138275,131,23.829,34.497000,3802.625000,3,4,1999,52
1760905060.138221,132,23.898,34.757000,3837.382000,3,4,1999,52
1760905061.138200,133,23.917,34.923000,3872.305000,3,4,1999,52
1760905062.138218,134,23.825,35.117000,3907.422000,3,4,1999,52
1760905063.138349,135,23.864,26.524000,3933.946000,3,4,1999,52
1760905064.138308,136,23.917,26.626000,3960.572000,3,4,1999,52
1760905065.138218,137,23.916,26.581000,3987.153000,3,3,1999,52
1760905066.138218,138,23.900,26.640000,4013.793000,3,3,1999,52
1760905067.138471,139,23.921,26.763000,4040.556000,3,4,1999,52
1760905068.138421,140,23.893,26.654000,4067.210000,2,3,1999,52
1760905069.138407,141,23.885,26.617000,4093.827000,3,4,1999,52
1760905070.138398,142,23.892,26.571000,4120.398000,2,4,1999,52
1760905071.138320,143,23.880,26.567000,4146.965000,3,4,1999,52
1760905072.138221,144,23.911,26.610000,4173.575000,3,4,1999,52
1760905073.138228,145,23.916,26.700000,4200.275000,3,4,1999,52
1760905074.138263,146,23.873,26.610000,4226.885000,3,4,1999,52
1760905075.138422,147,23.917,26.571000,4253.456000,3,4,1999,52
1760905076.138199,148,23.874,26.613000,4280.069000,3,4,1999,52
1760905077.138359,149,23.834,26.653000,4306.722000,3,4,1999,52
1760905078.138197,150,23.881,27.024000,4333.746000,3,4,1999,52
1760905079.138349,151,23.882,27.117000,4360.863000,3,4,1999,52
1760905080.138235,152,23.893,27.501000,4388.364000,3,4,1999,52
1760905081.138238,153,23.808,27.467000,4415.831000,4,4,1999,52
1760905082.138316,154,23.848,27.489000,4443.320000,2,3,1999,52
1760905083.138238,155,23.865,27.849000,4471.169000,3,3,1999,52
1760905084.138335,156,23.797,27.921000,4499.090000,3,4,1999,52
1760905085.138308,157,23.856,28.202000,4527.292000,3,4,1999,52
1760905086.138197,158,23.963,28.484000,4555.776000,3,4,1999,52
1760905087.138601,159,23.942,28.383000,4584.159000,3,4,1999,52
1760905088.138226,160,23.948,29.115000,4613.274000,2,3,1999,52
1760905089.138201,161,24.071,29.336000,4642.610000,3,4,1999,52
1760905090.138303,162,24.167,29.540000,4672.150000,3,4,1999,52
1760905091.138334,163,24.078,29.837000,4701.987000,3,4,1999,52
1760905092.138305,164,24.159,30.009000,4731.996000,2,4,1999,52
1760905093.138240,165,24.063,29.898000,4761.894000,3,4,1999,52
1760905094.138589,166,24.210,30.192000,4792.086000,3,4,1999,52
1760905095.138516,167,24.177,30.529000,4822.615000,3,4,1999,52
1760905096.138362,168,24.130,30.527000,4853.142000,3,4,1999,52
1760905097.138198,169,24.164,30.712000,4883.854000,3,4,1999,52
1760905098.138267,170,23.998,30.632000,4914.486000,3,4,2109,52
1760905099.138399,171,24.243,31.228000,4945.714000,3,4,1593,52
1760905100.138204,172,23.881,30.935000,4976.649000,5,4,1703,52
1760905101.138239,173,22.152,28.994000,5005.643000,6,2,1193,52
1760905102.138344,174,22.667,30.395000,5036.038000,3,3,1411,52
1760905103.138302,175,24.445,32.225000,5068.263000,4,4,2005,52
1760905104.138402,176,23.995,31.865000,5100.128000,3,4,2005,52
1760905105.138356,177,23.871,32.119000,5132.247000,3,4,2005,52
1760905106.138309,178,23.903,32.247000,5164.494000,2,3,2005,52
1760905107.138340,179,23.897,32.344000,5196.838000,3,4,2005,52
1760905108.138220,180,24.626,33.580000,5230.418000,3,4,1999,52
1760905109.138330,181,25.174,33.656000,5264.074000,9,8,1999,52
1760905110.138238,182,23.887,32.892000,5296.966000,3,4,1999,52
1760905111.138230,183,23.886,33.069000,5330.035000,3,4,1999,52
1760905112.138239,184,23.919,33.302000,5363.337000,4,4,1999,52
