ts,t_rel_s,power_w,energy_j_this_sec,energy_j_total,gpu_util_percent,mem_util_percent,mem_used_MiB,temp_c
1760395822.920177,0,21.500,0.000000,0.000000,11,9,1087,56
1760395823.920193,1,34.287,37.065000,37.065000,7,8,1617,56
1760395824.920190,2,33.761,44.591000,81.656000,7,8,2023,57
1760395825.920181,3,34.281,45.355000,127.011000,14,9,2267,57
1760395826.920189,4,34.638,37.374000,164.385000,6,8,2429,57
1760395827.920188,5,34.322,37.104000,201.489000,6,8,2429,58
1760395828.920191,6,34.158,36.992000,238.481000,7,8,2429,58
1760395829.920199,7,33.914,36.903000,275.384000,6,8,2429,58
1760395830.920191,8,33.804,36.458000,311.842000,7,8,2429,58
1760395831.920188,9,33.705,36.613000,348.455000,6,8,2429,58
1760395832.920201,10,34.056,37.017000,385.472000,7,8,2429,58
1760395833.920204,11,33.898,36.586000,422.058000,7,8,2429,58
1760395834.920194,12,34.008,36.841000,458.899000,7,8,2429,59
1760395835.920190,13,34.056,36.842000,495.741000,7,8,2429,59
1760395836.920196,14,33.978,36.890000,532.631000,6,8,2429,59
1760395837.920189,15,34.059,37.080000,569.711000,6,8,2429,59
1760395838.920189,16,34.218,37.204000,606.915000,7,8,2429,59
1760395839.920143,17,34.338,37.229000,644.144000,6,8,2429,59
1760395840.920191,18,34.417,37.309000,681.453000,5,7,2429,59
1760395841.920189,19,34.425,37.443000,718.896000,6,8,2429,60
1760395842.920201,20,34.344,37.641000,756.537000,7,8,2429,60
1760395843.920166,21,34.482,38.035000,794.572000,6,8,2429,60
1760395844.920165,22,34.749,38.333000,832.905000,6,8,2429,60
1760395845.920177,23,34.671,38.465000,871.370000,7,8,2429,60
1760395846.920140,24,34.557,38.476000,909.846000,7,8,2429,60
1760395847.920192,25,34.305,38.228000,948.074000,6,8,2429,60
1760395848.920200,26,34.419,38.600000,986.674000,7,8,2429,61
1760395849.920137,27,34.518,38.935000,1025.609000,7,8,2429,61
1760395850.920166,28,34.654,39.042000,1064.651000,6,8,2429,61
1760395851.920206,29,34.577,39.331000,1103.982000,5,7,2429,61
1760395852.920188,30,34.559,39.492000,1143.474000,6,8,2429,61
1760395853.920195,31,34.750,39.821000,1183.295000,7,8,2429,61
1760395854.920196,32,34.692,39.997000,1223.292000,6,8,2429,61
1760395855.920143,33,34.493,40.042000,1263.334000,6,8,2429,61
1760395856.920142,34,34.640,40.238000,1303.572000,7,8,2429,62
1760395857.920197,35,34.768,40.765000,1344.337000,6,8,2429,62
1760395858.920138,36,34.799,40.838000,1385.175000,6,8,2429,62
1760395859.920196,37,34.757,40.935000,1426.110000,7,8,2429,61
1760395860.920196,38,34.882,41.249000,1467.359000,6,8,2429,62
1760395861.920163,39,35.392,41.967000,1509.326000,6,8,2429,61
1760395862.920196,40,35.182,41.789000,1551.115000,7,8,2429,61
1760395863.920189,41,34.909,41.720000,1592.835000,6,7,2429,61
1760395864.920190,42,34.784,41.960000,1634.795000,6,8,2429,61
1760395865.920161,43,34.582,42.000000,1676.795000,7,8,2429,61
1760395866.920171,44,34.970,42.534000,1719.329000,7,8,2429,61
1760395867.920189,45,34.927,42.557000,1761.886000,6,7,2429,61
1760395868.920192,46,35.029,43.016000,1804.902000,7,8,2429,61
1760395869.920178,47,34.994,42.994000,1847.896000,6,8,2429,61
1760395870.920191,48,35.252,43.521000,1891.417000,7,9,2429,61
1760395871.920262,49,34.773,43.204000,1934.621000,6,8,2429,61
1760395872.920188,50,34.814,47.037000,1981.658000,6,8,2429,60
1760395873.920194,51,35.023,35.113000,2016.771000,6,8,2429,60
1760395874.920193,52,34.777,34.767000,2051.538000,7,8,2429,60
1760395875.920165,53,34.664,34.895000,2086.433000,6,8,2429,60
1760395876.920168,54,34.868,35.078000,2121.511000,7,8,2429,60
1760395877.920192,55,34.620,35.007000,2156.518000,6,8,2429,60
1760395878.920189,56,34.397,34.961000,2191.479000,6,8,2429,60
1760395879.920191,57,34.362,35.155000,2226.634000,7,8,2429,60
1760395880.920181,58,34.197,35.096000,2261.730000,5,8,2429,60
1760395881.920167,59,34.221,35.206000,2296.936000,7,8,2429,60
1760395882.920189,60,34.129,35.575000,2332.511000,6,8,2429,60
1760395883.920161,61,34.584,36.392000,2368.903000,6,8,2429,59
1760395884.920143,62,34.308,36.082000,2404.985000,7,8,2429,59
1760395885.920197,63,34.491,36.398000,2441.383000,8,8,2429,59
1760395886.920192,64,34.421,37.565000,2478.948000,6,8,2429,59
1760395887.920139,65,34.380,37.287000,2516.235000,7,8,2429,59
1760395888.920141,66,34.344,37.216000,2553.451000,7,8,2429,59
1760395889.920192,67,34.428,37.380000,2590.831000,6,8,2429,59
1760395890.920202,68,34.428,37.476000,2628.307000,6,8,2429,59
1760395891.920190,69,34.407,37.441000,2665.748000,6,8,2429,59
1760395892.920201,70,34.709,37.819000,2703.567000,6,8,2429,59
1760395893.920166,71,34.476,37.526000,2741.093000,6,8,2429,59
1760395894.920143,72,34.732,37.721000,2778.814000,7,9,2429,59
1760395895.920168,73,34.742,37.685000,2816.499000,7,8,2429,59
1760395896.920211,74,34.706,37.757000,2854.256000,7,8,2429,58
1760395897.920194,75,34.369,37.488000,2891.744000,7,8,2429,59
1760395898.920189,76,34.299,37.480000,2929.224000,7,8,2429,58
1760395899.920191,77,34.430,37.355000,2966.579000,6,8,2429,58
1760395900.920198,78,34.342,37.443000,3004.022000,6,8,2429,58
1760395901.920164,79,34.366,37.443000,3041.465000,6,8,2429,58
1760395902.920206,80,34.095,34.541000,3076.006000,6,8,2429,58
1760395903.920191,81,34.335,34.934000,3110.940000,6,8,2429,58
1760395904.920189,82,34.265,35.142000,3146.082000,7,8,2429,58
1760395905.920143,83,34.528,35.483000,3181.565000,6,8,2429,58
1760395906.920165,84,34.316,35.524000,3217.089000,7,8,2429,58
1760395907.920196,85,34.175,35.573000,3252.662000,7,8,2429,58
1760395908.920195,86,34.175,35.978000,3288.640000,6,8,2429,58
1760395909.920140,87,34.167,36.031000,3324.671000,7,8,2429,58
1760395910.920188,88,34.332,36.184000,3360.855000,7,8,2429,58
1760395911.920189,89,34.151,36.112000,3396.967000,7,8,2429,58
1760395912.920188,90,34.106,36.273000,3433.240000,6,8,2429,58
1760395913.920166,91,34.118,36.420000,3469.660000,7,8,2429,57
1760395914.920192,92,34.163,36.572000,3506.232000,7,8,2429,58
1760395915.920189,93,34.023,36.845000,3543.077000,6,8,2429,58
1760395916.920191,94,33.907,36.788000,3579.865000,7,8,2539,57
1760395917.920279,95,33.689,36.801000,3616.666000,5,7,2023,57
1760395918.920202,96,33.866,37.266000,3653.932000,7,8,2023,57
1760395919.920171,97,33.820,37.301000,3691.233000,6,8,2023,57
1760395920.920191,98,34.106,37.750000,3728.983000,9,8,2429,57
1760395921.920196,99,33.930,37.623000,3766.606000,5,8,2429,57
1760395922.920193,100,33.944,37.952000,3804.558000,6,8,2429,57
1760395923.920171,101,34.123,38.331000,3842.889000,6,8,2429,57
1760395924.920186,102,33.818,38.075000,3880.964000,7,8,2429,57
1760395925.920189,103,33.595,38.022000,3918.986000,7,8,2429,57
1760395926.920190,104,33.570,38.280000,3957.266000,6,8,2429,57
1760395927.920189,105,33.634,38.644000,3995.910000,6,8,2429,57
1760395928.920190,106,33.492,38.625000,4034.535000,6,8,2429,57
1760395929.920193,107,33.690,38.959000,4073.494000,7,8,2429,57
1760395930.920194,108,33.422,38.983000,4112.477000,6,8,2429,57
1760395931.920191,109,33.219,38.972000,4151.449000,6,8,2429,57
1760395932.920191,110,33.549,39.447000,4190.896000,6,8,2429,57
1760395933.920192,111,33.525,39.707000,4230.603000,5,7,2429,57
1760395934.920202,112,33.645,39.834000,4270.437000,7,8,2429,57
1760395935.920189,113,33.580,39.918000,4310.355000,7,8,2429,57
1760395936.920143,114,33.426,39.945000,4350.300000,6,8,2429,57
1760395937.920189,115,33.468,40.425000,4390.725000,6,8,2429,57
1760395938.920142,116,33.563,40.408000,4431.133000,6,8,2429,57
1760395939.920194,117,33.583,40.659000,4471.792000,6,7,2429,57
1760395940.920179,118,33.409,40.547000,4512.339000,7,8,2429,57
1760395941.920205,119,33.679,40.821000,4553.160000,6,8,2429,57
1760395942.920197,120,33.654,41.356000,4594.516000,6,8,2429,56
1760395943.920201,121,33.325,41.137000,4635.653000,6,8,2429,56
1760395944.920189,122,33.513,41.279000,4676.932000,7,8,2429,56
1760395945.920190,123,33.291,41.196000,4718.128000,6,8,2429,56
1760395946.920165,124,33.467,41.574000,4759.702000,6,8,2429,56
1760395947.920198,125,33.452,36.000000,4795.702000,7,8,2429,56
1760395948.920177,126,33.406,36.181000,4831.883000,6,8,2429,56
1760395949.920141,127,33.075,35.966000,4867.849000,6,8,2429,56
1760395950.920171,128,32.955,35.861000,4903.710000,6,7,2429,56
1760395951.920143,129,33.221,36.055000,4939.765000,7,8,2429,56
1760395952.920207,130,33.170,35.938000,4975.703000,6,8,2429,56
1760395953.920190,131,33.053,35.746000,5011.449000,6,8,2539,56
1760395954.920191,132,32.986,35.977000,5047.426000,10,9,2023,56
1760395955.920137,133,33.442,36.074000,5083.500000,6,8,2023,56
1760395956.920190,134,33.700,36.601000,5120.101000,6,7,2407,56
1760395957.920151,135,32.783,35.431000,5155.532000,6,8,2429,56
1760395958.920189,136,33.073,36.057000,5191.589000,6,8,2429,56
1760395959.920189,137,33.458,36.100000,5227.689000,6,8,2429,56
1760395960.920192,138,33.282,36.161000,5263.850000,7,8,2429,56
1760395961.920203,139,33.463,36.476000,5300.326000,6,8,2429,56
1760395962.920192,140,33.512,36.523000,5336.849000,6,8,2429,56
1760395963.920187,141,33.347,36.361000,5373.210000,6,8,2429,56
1760395964.920188,142,32.915,36.214000,5409.424000,5,7,2429,56
1760395965.920190,143,32.941,36.748000,5446.172000,7,8,2429,56
1760395966.920139,144,33.098,36.789000,5482.961000,6,8,2429,56
1760395967.920172,145,33.128,36.772000,5519.733000,6,8,2429,56
1760395968.920163,146,32.948,36.694000,5556.427000,6,7,2429,56
1760395969.920201,147,33.069,37.175000,5593.602000,6,8,2429,56
1760395970.920196,148,33.063,37.435000,5631.037000,6,8,2429,56
1760395971.920191,149,33.164,37.499000,5668.536000,7,8,2429,56
1760395972.920168,150,33.172,37.832000,5706.368000,7,8,2429,56
1760395973.920189,151,33.444,38.145000,5744.513000,6,8,2429,56
1760395974.920192,152,33.242,38.058000,5782.571000,6,8,2429,56
1760395975.920202,153,33.162,38.341000,5820.912000,7,8,2429,56
1760395976.920182,154,33.297,38.577000,5859.489000,6,8,2429,55
1760395977.920191,155,33.185,38.715000,5898.204000,6,8,2429,55
1760395978.920191,156,33.188,38.854000,5937.058000,6,8,2429,55
1760395979.920141,157,33.205,39.050000,5976.108000,7,8,2429,55
1760395980.920167,158,33.185,39.215000,6015.323000,6,8,2429,55
1760395981.920195,159,33.144,39.282000,6054.605000,6,8,2429,55
1760395982.920191,160,32.866,39.268000,6093.873000,6,8,2429,55
1760395983.920189,161,32.694,39.347000,6133.220000,6,8,2429,55
1760395984.920188,162,32.878,39.627000,6172.847000,6,7,2429,55
1760395985.920181,163,32.810,39.813000,6212.660000,6,7,2429,55
1760395986.920189,164,32.838,39.951000,6252.611000,6,8,2429,55
1760395987.920189,165,32.911,40.295000,6292.906000,6,8,2429,55
1760395988.920194,166,33.119,40.469000,6333.375000,6,8,2429,55
1760395989.920173,167,32.789,40.438000,6373.813000,6,8,2429,55
1760395990.920141,168,32.748,40.629000,6414.442000,6,8,2429,55
1760395991.920189,169,33.199,41.213000,6455.655000,6,8,2429,55
1760395992.920166,170,33.022,41.236000,6496.891000,6,8,2429,55
1760395993.920166,171,33.026,41.400000,6538.291000,7,8,2429,55
1760395994.920140,172,33.065,41.544000,6579.835000,6,8,2429,55
1760395995.920194,173,32.945,41.630000,6621.465000,6,8,2429,55
1760395996.920165,174,33.124,42.123000,6663.588000,7,8,2429,55
1760395997.920181,175,33.395,42.459000,6706.047000,6,8,2429,55
1760395998.920142,176,33.268,42.617000,6748.664000,6,8,2429,55
1760395999.920192,177,33.160,42.491000,6791.155000,6,8,2429,55
1760396000.920154,178,33.152,42.649000,6833.804000,7,8,2429,55
1760396001.920191,179,33.076,42.907000,6876.711000,7,8,2429,55
1760396002.920180,180,33.158,43.076000,6919.787000,7,8,2429,55
1760396003.920189,181,33.175,43.345000,6963.132000,7,8,2429,55
1760396004.920190,182,33.151,43.610000,7006.742000,6,7,2429,55
1760396005.920199,183,33.123,43.588000,7050.330000,7,8,2429,55
1760396006.920191,184,33.065,43.836000,7094.166000,6,7,2429,55
