ts,t_rel_s,power_w,energy_j_this_sec,energy_j_total,gpu_util_percent,mem_util_percent,mem_used_MiB,temp_c
1760217805.476713,0,23.856,0.000000,0.000000,7,6,1520,53
1760217806.476689,1,28.349,31.294000,31.294000,8,7,1919,54
1760217807.476540,2,28.841,31.712000,63.006000,7,7,2347,54
1760217808.476936,3,28.315,31.130000,94.136000,6,7,2469,54
1760217809.476559,4,28.051,30.862000,124.998000,6,7,2469,53
1760217810.476624,5,28.367,31.120000,156.118000,6,7,2469,53
1760217811.476563,6,28.070,30.835000,186.953000,6,7,2469,53
1760217812.476540,7,27.884,30.697000,217.650000,6,7,2469,53
1760217813.476562,8,27.805,30.669000,248.319000,6,7,2469,53
1760217814.476563,9,27.927,30.698000,279.017000,6,7,2469,53
1760217815.476572,10,27.965,30.750000,309.767000,7,7,2469,53
1760217816.477073,11,27.851,30.738000,340.505000,6,7,2469,53
1760217817.476663,12,27.764,31.241000,371.746000,6,7,2469,53
1760217818.476753,13,27.927,31.379000,403.125000,6,7,2469,53
1760217819.476700,14,27.920,31.623000,434.748000,7,7,2469,53
1760217820.476972,15,27.927,31.668000,466.416000,6,7,2469,53
1760217821.476697,16,28.088,32.012000,498.428000,6,6,2469,53
1760217822.476766,17,28.039,32.109000,530.537000,6,6,2469,53
1760217823.476717,18,28.109,32.268000,562.805000,6,6,2469,54
1760217824.476541,19,28.116,32.414000,595.219000,6,7,2469,53
1760217825.476777,20,28.163,32.501000,627.720000,6,7,2469,53
1760217826.476567,21,28.228,32.946000,660.666000,6,7,2469,53
1760217827.476964,22,28.250,33.119000,693.785000,6,7,2469,54
1760217828.476544,23,28.199,33.458000,727.243000,6,7,2469,54
1760217829.476562,24,28.380,33.475000,760.718000,6,7,2469,54
1760217830.476832,25,28.306,33.663000,794.381000,6,7,2469,54
1760217831.476723,26,28.198,33.866000,828.247000,6,7,2469,54
1760217832.476664,27,28.118,33.982000,862.229000,6,8,2469,54
1760217833.476682,28,27.922,33.976000,896.205000,6,7,2469,54
1760217834.476557,29,27.885,34.020000,930.225000,5,7,2469,54
1760217835.476935,30,27.965,34.246000,964.471000,6,7,2469,54
1760217836.476689,31,27.880,34.477000,998.948000,6,7,2469,54
1760217837.476710,32,27.857,34.680000,1033.628000,6,7,2469,54
1760217838.476657,33,27.800,34.807000,1068.435000,6,7,2469,54
1760217839.476538,34,27.834,34.990000,1103.425000,6,7,2469,54
1760217840.476539,35,27.850,35.004000,1138.429000,7,7,2469,54
1760217841.477002,36,27.999,35.290000,1173.719000,6,7,2469,54
1760217842.476567,37,28.009,35.924000,1209.643000,6,7,2469,54
1760217843.476681,38,28.047,35.896000,1245.539000,6,7,2469,54
1760217844.476706,39,28.032,36.117000,1281.656000,6,7,2469,54
1760217845.476686,40,28.079,36.293000,1317.949000,6,7,2469,54
1760217846.477012,41,28.056,36.604000,1354.553000,6,6,2469,54
1760217847.476925,42,28.326,37.606000,1392.159000,6,6,2469,54
1760217848.476682,43,28.415,37.620000,1429.779000,5,6,2469,54
1760217849.476568,44,28.516,37.667000,1467.446000,6,7,2469,54
1760217850.476542,45,28.245,37.428000,1504.874000,6,6,2469,54
1760217851.476652,46,28.036,37.360000,1542.234000,6,7,2469,54
1760217852.476544,47,28.269,37.825000,1580.059000,6,6,2469,54
1760217853.476959,48,28.252,37.902000,1617.961000,6,7,2469,54
1760217854.476731,49,28.356,38.489000,1656.450000,6,7,2469,54
1760217855.477221,50,28.465,38.503000,1694.953000,6,7,2469,55
1760217856.476943,51,28.494,39.109000,1734.062000,6,7,2469,54
1760217857.476782,52,28.472,39.155000,1773.217000,6,7,2469,54
1760217858.476713,53,28.447,39.241000,1812.458000,6,7,2469,54
1760217859.476558,54,28.262,39.206000,1851.664000,7,7,2469,54
1760217860.476829,55,28.495,39.528000,1891.192000,6,7,2469,54
1760217861.476579,56,28.529,31.294000,1922.486000,6,7,2469,54
1760217862.476782,57,28.573,31.459000,1953.945000,6,7,2469,54
1760217863.476555,58,28.471,31.213000,1985.158000,6,7,2469,54
1760217864.476560,59,28.469,31.251000,2016.409000,6,7,2469,54
1760217865.476867,60,28.351,31.115000,2047.524000,6,6,2469,54
1760217866.477041,61,28.308,31.158000,2078.682000,6,7,2469,54
1760217867.476637,62,28.286,31.048000,2109.730000,6,7,2469,54
1760217868.476647,63,28.268,30.971000,2140.701000,6,6,2469,54
1760217869.476692,64,28.249,31.137000,2171.838000,6,7,2469,54
1760217870.476804,65,28.250,30.995000,2202.833000,6,7,2469,54
1760217871.476564,66,28.253,31.007000,2233.840000,6,7,2469,54
1760217872.476658,67,28.375,31.071000,2264.911000,5,7,2469,54
1760217873.476967,68,28.385,31.084000,2295.995000,7,7,2469,54
1760217874.476737,69,28.337,31.107000,2327.102000,6,7,2469,54
1760217875.476950,70,28.222,31.204000,2358.306000,6,7,2469,54
1760217876.477077,71,28.262,31.512000,2389.818000,6,7,2469,54
1760217877.476540,72,28.335,31.982000,2421.800000,6,7,2469,54
1760217878.476885,73,28.344,31.697000,2453.497000,6,7,2469,54
1760217879.476540,74,28.305,32.107000,2485.604000,6,6,2469,54
1760217880.476856,75,28.242,32.072000,2517.676000,6,7,2469,55
1760217881.476661,76,28.179,32.153000,2549.829000,6,7,2469,54
1760217882.476658,77,28.440,32.467000,2582.296000,6,7,2469,54
1760217883.476740,78,28.570,32.804000,2615.100000,6,7,2469,55
1760217884.476655,79,28.494,32.894000,2647.994000,6,7,2469,55
1760217885.476636,80,28.521,33.040000,2681.034000,6,7,2469,55
1760217886.476792,81,28.453,33.068000,2714.102000,6,7,2469,55
1760217887.476978,82,28.584,33.585000,2747.687000,6,7,2469,55
1760217888.476667,83,28.493,33.710000,2781.397000,6,6,2469,55
1760217889.476634,84,28.274,33.572000,2814.969000,6,6,2469,55
1760217890.476573,85,28.117,33.583000,2848.552000,6,7,2469,55
1760217891.476553,86,28.181,33.846000,2882.398000,6,7,2469,54
1760217892.476659,87,28.184,33.967000,2916.365000,6,7,2469,55
1760217893.476541,88,28.274,34.313000,2950.678000,6,7,2469,55
1760217894.476680,89,28.198,34.340000,2985.018000,6,7,2469,55
1760217895.476653,90,28.188,34.620000,3019.638000,6,7,2469,55
1760217896.476730,91,28.209,34.832000,3054.470000,6,7,2469,55
1760217897.476749,92,28.237,35.148000,3089.618000,6,7,2469,55
1760217898.476673,93,28.312,35.427000,3125.045000,6,6,2469,55
1760217899.476676,94,28.372,35.662000,3160.707000,6,7,2469,55
1760217900.476578,95,28.403,35.843000,3196.550000,6,7,2469,55
1760217901.476658,96,28.422,36.097000,3232.647000,6,7,2469,55
1760217902.476556,97,28.436,36.226000,3268.873000,7,7,2469,55
1760217903.476676,98,28.500,36.313000,3305.186000,6,7,2469,55
1760217904.476568,99,28.415,36.628000,3341.814000,7,7,2469,55
1760217905.476727,100,28.432,36.650000,3378.464000,6,7,2469,55
1760217906.477032,101,28.361,36.777000,3415.241000,6,7,2469,55
1760217907.476568,102,28.271,37.084000,3452.325000,6,7,2469,55
1760217908.476754,103,28.183,37.012000,3489.337000,6,6,2469,55
1760217909.476540,104,28.028,37.124000,3526.461000,6,7,2469,55
1760217910.476537,105,28.074,37.128000,3563.589000,5,6,2469,55
1760217911.476691,106,28.095,37.488000,3601.077000,6,7,2469,55
1760217912.476693,107,28.115,37.773000,3638.850000,6,7,2469,55
1760217913.477213,108,28.083,37.876000,3676.726000,6,6,2469,55
1760217914.476537,109,28.171,38.522000,3715.248000,6,7,2469,55
1760217915.476944,110,28.157,38.322000,3753.570000,6,7,2469,55
1760217916.476643,111,28.237,38.874000,3792.444000,6,7,2469,55
1760217917.476537,112,28.190,38.926000,3831.370000,6,7,2469,55
1760217918.476660,113,28.205,38.898000,3870.268000,5,6,2469,55
1760217919.476539,114,28.265,39.183000,3909.451000,6,7,2469,55
1760217920.476638,115,28.230,39.284000,3948.735000,6,7,2469,55
1760217921.476539,116,28.118,30.871000,3979.606000,7,7,2469,55
1760217922.476732,117,28.179,30.963000,4010.569000,6,7,2469,55
1760217923.476780,118,28.144,30.791000,4041.360000,6,7,2469,55
1760217924.476537,119,28.305,31.116000,4072.476000,6,7,2469,55
1760217925.476617,120,28.284,30.949000,4103.425000,6,7,2469,55
1760217926.476979,121,28.288,31.031000,4134.456000,7,7,2469,55
1760217927.476593,122,28.247,30.858000,4165.314000,6,6,2469,55
1760217928.476766,123,28.244,30.971000,4196.285000,6,7,2469,55
1760217929.476537,124,28.312,31.105000,4227.390000,6,6,2469,55
1760217930.476556,125,28.395,31.149000,4258.539000,6,7,2469,55
1760217931.476539,126,28.421,31.316000,4289.855000,6,7,2469,55
1760217932.476711,127,28.371,31.214000,4321.069000,6,7,2469,55
1760217933.476721,128,28.411,31.158000,4352.227000,6,7,2469,55
1760217934.476756,129,28.436,31.283000,4383.510000,7,7,2469,55
1760217935.476632,130,28.372,31.506000,4415.016000,6,7,2469,55
1760217936.476539,131,28.328,31.525000,4446.541000,6,7,2469,55
1760217937.476665,132,28.344,31.530000,4478.071000,7,7,2469,55
1760217938.477008,133,28.371,31.872000,4509.943000,7,7,2469,55
1760217939.476664,134,28.452,32.159000,4542.102000,6,7,2469,55
1760217940.477010,135,28.290,31.913000,4574.015000,6,7,2469,55
1760217941.476553,136,28.322,32.334000,4606.349000,6,7,2469,55
1760217942.476665,137,28.195,32.142000,4638.491000,6,7,2469,55
1760217943.476680,138,28.154,32.380000,4670.871000,6,7,2469,55
1760217944.476537,139,28.197,32.652000,4703.523000,6,7,2469,55
1760217945.476883,140,28.229,32.730000,4736.253000,7,7,2469,55
1760217946.476691,141,28.217,33.096000,4769.349000,6,7,2469,55
1760217947.476816,142,28.272,33.348000,4802.697000,6,7,2469,55
1760217948.476576,143,28.120,33.469000,4836.166000,6,6,2469,55
1760217949.476649,144,28.031,33.373000,4869.539000,6,7,2469,55
1760217950.476651,145,27.974,33.562000,4903.101000,6,7,2469,55
1760217951.477008,146,28.001,33.912000,4937.013000,5,7,2469,55
1760217952.476668,147,27.977,34.271000,4971.284000,6,7,2469,55
1760217953.476566,148,28.017,34.302000,5005.586000,8,8,2689,55
1760217954.476672,149,27.931,34.182000,5039.768000,9,8,1791,55
1760217955.476637,150,28.563,35.385000,5075.153000,6,7,1641,55
1760217956.476660,151,28.650,35.341000,5110.494000,6,7,2126,55
1760217957.476563,152,28.598,35.707000,5146.201000,6,7,2579,55
1760217958.476692,153,28.532,35.665000,5181.866000,5,7,2055,55
1760217959.476744,154,28.422,35.715000,5217.581000,6,7,2055,55
1760217960.476539,155,28.614,36.124000,5253.705000,7,7,2355,55
1760217961.476546,156,28.375,35.932000,5289.637000,6,7,2469,55
1760217962.476564,157,28.312,36.078000,5325.715000,5,7,2469,55
1760217963.476758,158,28.377,36.436000,5362.151000,6,6,2469,55
1760217964.476643,159,28.347,36.607000,5398.758000,5,6,2469,55
1760217965.476712,160,28.332,36.664000,5435.422000,6,7,2469,55
1760217966.476572,161,28.426,37.086000,5472.508000,6,7,2469,55
1760217967.476752,162,28.383,37.180000,5509.688000,6,7,2469,55
1760217968.476581,163,28.474,37.533000,5547.221000,6,7,2469,55
1760217969.476557,164,28.355,37.510000,5584.731000,6,7,2469,55
1760217970.476581,165,28.340,37.675000,5622.406000,6,7,2469,55
1760217971.476562,166,28.468,37.997000,5660.403000,6,7,2469,55
1760217972.476541,167,28.466,38.218000,5698.621000,6,7,2469,55
1760217973.476561,168,28.381,38.227000,5736.848000,6,7,2469,55
1760217974.476537,169,28.388,38.557000,5775.405000,6,7,2469,55
1760217975.476561,170,28.383,38.594000,5813.999000,6,7,2469,55
1760217976.476560,171,28.425,38.824000,5852.823000,6,7,2469,55
1760217977.476726,172,28.450,39.171000,5891.994000,6,7,2469,55
1760217978.476663,173,28.476,39.447000,5931.441000,5,7,2469,55
1760217979.476559,174,28.452,39.622000,5971.063000,5,7,2469,55
1760217980.476681,175,28.526,39.744000,6010.807000,6,7,2469,55
1760217981.476748,176,28.545,31.183000,6041.990000,6,7,2469,55
1760217982.476657,177,28.542,31.268000,6073.258000,6,7,2469,55
1760217983.476737,178,28.381,31.091000,6104.349000,6,7,2469,55
1760217984.476539,179,28.407,31.044000,6135.393000,6,7,2469,55
1760217985.476874,180,28.413,33.927000,6169.320000,6,7,2469,55
1760217986.476929,181,28.496,29.021000,6198.341000,6,7,2469,55
1760217987.476541,182,28.387,28.942000,6227.283000,6,7,2469,55
1760217988.476571,183,28.275,28.733000,6256.016000,6,7,2469,55
1760217989.476542,184,28.112,28.786000,6284.802000,6,7,2469,55
