ts,t_rel_s,power_w,energy_j_this_sec,energy_j_total,gpu_util_percent,mem_util_percent,mem_used_MiB,temp_c
1760314441.883529,0,20.926,0.000000,0.000000,7,8,1399,55
1760314442.883546,1,34.995,45.922000,45.922000,7,9,1899,56
1760314443.883519,2,35.508,45.569000,91.491000,8,9,2236,57
1760314444.883517,3,36.982,46.890000,138.381000,7,9,2899,57
1760314445.883556,4,35.116,44.861000,183.242000,7,9,2899,58
1760314446.883517,5,35.533,45.762000,229.004000,6,8,2899,58
1760314447.883564,6,35.815,45.852000,274.856000,7,9,2899,58
1760314448.883567,7,35.579,46.019000,320.875000,7,9,2899,58
1760314449.883561,8,35.502,46.273000,367.148000,7,8,2899,58
1760314450.883921,9,35.577,46.385000,413.533000,7,9,2899,58
1760314451.883564,10,35.049,37.651000,451.184000,7,9,2899,58
1760314452.883514,11,35.046,37.867000,489.051000,7,8,2899,59
1760314453.883564,12,35.269,38.130000,527.181000,7,9,2899,59
1760314454.883514,13,35.702,38.524000,565.705000,7,9,2899,59
1760314455.883567,14,36.155,38.857000,604.562000,8,9,2899,59
1760314456.883565,15,36.211,38.976000,643.538000,7,9,2899,59
1760314457.883564,16,36.150,38.947000,682.485000,7,9,2899,59
1760314458.883566,17,36.382,39.315000,721.800000,7,9,2899,60
1760314459.883566,18,36.542,39.324000,761.124000,7,9,2899,60
1760314460.883566,19,36.316,38.974000,800.098000,7,9,2899,60
1760314461.883565,20,36.163,38.937000,839.035000,8,9,2899,60
1760314462.883564,21,35.979,38.651000,877.686000,7,8,2899,60
1760314463.883536,22,35.757,38.565000,916.251000,8,9,2899,60
1760314464.883563,23,36.105,38.764000,955.015000,8,9,2899,61
1760314465.883565,24,36.067,38.871000,993.886000,7,9,2899,61
1760314466.883565,25,35.479,38.231000,1032.117000,6,8,2899,61
1760314467.883566,26,35.417,38.551000,1070.668000,7,9,2899,61
1760314468.883564,27,35.899,39.053000,1109.721000,7,9,2899,61
1760314469.883565,28,36.008,39.218000,1148.939000,6,8,2899,61
1760314470.883564,29,35.924,39.666000,1188.605000,6,8,2899,61
1760314471.883561,30,36.289,40.080000,1228.685000,7,9,2899,61
1760314472.883567,31,36.542,40.269000,1268.954000,7,9,2899,62
1760314473.883519,32,37.021,40.777000,1309.731000,7,9,2899,62
1760314474.883518,33,36.997,40.628000,1350.359000,7,9,2899,62
1760314475.883514,34,36.832,40.855000,1391.214000,7,9,2899,62
1760314476.883561,35,37.132,41.252000,1432.466000,8,9,2899,62
1760314477.883519,36,37.122,41.336000,1473.802000,7,8,2899,62
1760314478.883561,37,36.646,41.341000,1515.143000,7,8,2899,62
1760314479.883518,38,37.621,42.346000,1557.489000,8,9,2899,62
1760314480.883567,39,37.872,42.555000,1600.044000,7,9,2899,62
1760314481.883513,40,37.072,42.061000,1642.105000,7,8,2899,62
1760314482.883536,41,37.421,42.439000,1684.544000,6,8,2899,61
1760314483.883564,42,37.288,42.810000,1727.354000,7,9,2899,61
1760314484.883566,43,37.089,42.579000,1769.933000,7,9,2899,61
1760314485.883536,44,37.262,43.151000,1813.084000,7,9,2899,61
1760314486.883566,45,37.181,42.867000,1855.951000,7,9,2899,61
1760314487.883539,46,37.139,43.277000,1899.228000,8,9,2899,61
1760314488.883595,47,37.118,43.160000,1942.388000,8,9,2899,61
1760314489.883500,48,36.905,43.369000,1985.757000,7,9,2899,61
1760314490.883563,49,36.928,43.488000,2029.245000,7,9,2899,61
1760314491.883514,50,36.821,43.577000,2072.822000,7,9,2899,61
1760314492.883528,51,36.645,43.324000,2116.146000,7,9,2899,61
1760314493.883555,52,36.540,43.663000,2159.809000,7,9,2899,60
1760314494.883543,53,36.598,43.898000,2203.707000,8,9,2899,60
1760314495.883525,54,36.547,43.891000,2247.598000,6,9,2899,60
1760314496.883516,55,36.488,44.024000,2291.622000,7,9,2899,60
1760314497.883549,56,35.976,43.764000,2335.386000,6,8,2899,60
1760314498.883529,57,36.397,44.408000,2379.794000,7,9,2899,60
1760314499.883567,58,36.422,44.590000,2424.384000,7,8,2899,60
1760314500.883532,59,36.406,44.703000,2469.087000,6,8,2899,60
1760314501.883514,60,36.411,44.730000,2513.817000,8,9,2899,60
1760314502.883882,61,36.720,45.461000,2559.278000,8,9,2899,60
1760314503.883529,62,36.661,45.505000,2604.783000,7,8,2899,60
1760314504.883519,63,36.538,45.644000,2650.427000,7,9,2899,59
1760314505.883518,64,36.897,45.857000,2696.284000,8,9,2899,59
1760314506.883545,65,36.708,45.935000,2742.219000,7,9,2899,59
1760314507.883518,66,36.809,46.291000,2788.510000,7,9,2899,59
1760314508.883519,67,36.701,46.278000,2834.788000,7,9,2899,59
1760314509.883514,68,36.617,46.396000,2881.184000,7,9,2899,59
1760314510.883531,69,36.501,46.437000,2927.621000,7,9,2899,59
1760314511.883520,70,36.276,46.892000,2974.513000,8,9,2899,59
1760314512.883513,71,36.641,47.079000,3021.592000,8,9,2899,59
1760314513.883519,72,36.501,46.987000,3068.579000,7,9,2899,59
1760314514.883514,73,36.637,47.244000,3115.823000,7,9,2899,59
1760314515.883521,74,36.578,47.466000,3163.289000,7,8,2899,59
1760314516.883516,75,36.619,47.551000,3210.840000,7,9,2899,59
1760314517.883519,76,36.317,39.006000,3249.846000,7,8,2899,59
1760314518.883519,77,36.320,39.074000,3288.920000,7,8,2899,59
1760314519.883515,78,36.109,38.989000,3327.909000,7,8,3009,59
1760314520.883531,79,36.272,39.126000,3367.035000,7,9,2399,59
1760314521.883552,80,36.172,38.938000,3405.973000,7,8,2399,59
1760314522.883514,81,36.392,39.174000,3445.147000,6,8,2899,59
1760314523.883519,82,35.893,38.746000,3483.893000,7,8,2899,59
1760314524.883523,83,36.015,38.905000,3522.798000,7,9,2899,58
1760314525.883576,84,35.768,38.274000,3561.072000,7,9,2899,58
1760314526.883526,85,35.711,38.536000,3599.608000,6,8,2899,58
1760314527.883531,86,35.909,38.666000,3638.274000,8,9,2899,58
1760314528.883565,87,35.581,38.299000,3676.573000,7,9,2899,58
1760314529.883564,88,35.533,38.259000,3714.832000,7,8,2899,58
1760314530.883565,89,35.385,38.146000,3752.978000,7,8,2899,58
1760314531.883566,90,34.995,37.673000,3790.651000,5,7,2899,58
1760314532.883518,91,34.994,37.983000,3828.634000,6,8,2899,58
1760314533.883565,92,35.554,38.476000,3867.110000,7,8,2899,58
1760314534.883564,93,35.388,38.403000,3905.513000,6,8,2899,58
1760314535.883517,94,35.220,38.948000,3944.461000,7,9,2899,58
1760314536.883564,95,35.252,38.573000,3983.034000,6,8,2899,58
1760314537.883515,96,35.521,39.448000,4022.482000,6,8,2899,58
1760314538.883568,97,35.956,39.718000,4062.200000,8,9,2899,58
1760314539.883561,98,35.888,39.545000,4101.745000,7,9,2899,58
1760314540.883563,99,35.591,39.685000,4141.430000,7,8,2899,58
1760314541.883566,100,35.464,39.400000,4180.830000,7,9,2899,58
1760314542.883518,101,35.428,39.895000,4220.725000,6,8,2899,57
1760314543.883564,102,35.903,40.353000,4261.078000,7,9,2899,57
1760314544.883582,103,35.787,40.168000,4301.246000,6,8,2899,58
1760314545.883517,104,35.251,40.258000,4341.504000,7,9,2899,57
1760314546.883565,105,35.159,39.946000,4381.450000,8,9,2899,57
1760314547.883518,106,35.361,40.572000,4422.022000,6,8,2899,57
1760314548.883515,107,35.239,40.554000,4462.576000,7,9,2899,57
1760314549.883569,108,34.927,40.221000,4502.797000,7,8,2899,57
1760314550.883519,109,34.926,40.610000,4543.407000,6,8,2899,57
1760314551.883515,110,34.957,40.756000,4584.163000,8,9,2899,57
1760314552.883516,111,35.116,40.850000,4625.013000,8,9,2899,57
1760314553.883566,112,34.160,40.273000,4665.286000,7,8,2899,57
1760314554.883564,113,34.140,40.571000,4705.857000,6,8,3009,57
1760314555.883562,114,34.418,41.066000,4746.923000,7,8,2399,57
1760314556.883519,115,34.402,40.983000,4787.906000,8,9,2965,57
1760314557.883565,116,34.430,41.433000,4829.339000,10,10,2399,57
1760314558.883556,117,35.320,42.240000,4871.579000,7,8,2688,57
1760314559.883532,118,35.040,42.414000,4913.993000,8,8,3009,57
1760314560.883520,119,34.688,42.075000,4956.068000,7,9,2815,57
1760314561.883512,120,35.274,42.707000,4998.775000,7,9,2399,57
1760314562.883518,121,35.202,42.840000,5041.615000,7,9,2899,57
1760314563.883523,122,34.610,42.312000,5083.927000,7,8,2899,57
1760314564.883514,123,35.059,43.168000,5127.095000,7,9,2899,57
1760314565.883515,124,35.801,44.042000,5171.137000,7,9,2899,57
1760314566.883515,125,35.647,43.873000,5215.010000,6,8,2899,57
1760314567.883524,126,35.479,44.058000,5259.068000,6,8,2899,57
1760314568.883537,127,35.594,44.132000,5303.200000,8,9,2899,57
1760314569.883516,128,34.509,43.053000,5346.253000,7,8,2899,57
1760314570.883515,129,34.500,43.593000,5389.846000,6,8,2899,57
1760314571.883521,130,35.028,44.173000,5434.019000,7,8,2899,57
1760314572.883519,131,35.070,44.554000,5478.573000,7,9,2899,57
1760314573.883520,132,34.843,44.166000,5522.739000,6,8,2899,57
1760314574.883518,133,34.222,43.954000,5566.693000,7,9,2899,56
1760314575.883520,134,34.674,44.598000,5611.291000,7,8,2899,57
1760314576.883521,135,35.261,45.264000,5656.555000,8,9,2899,57
1760314577.883520,136,35.296,45.372000,5701.927000,7,8,2899,57
1760314578.883563,137,35.253,45.595000,5747.522000,7,9,2899,56
1760314579.883564,138,35.317,45.860000,5793.382000,7,9,2899,56
1760314580.883568,139,35.289,46.091000,5839.473000,7,9,2899,57
1760314581.883539,140,35.368,46.357000,5885.830000,7,8,2899,56
1760314582.883521,141,35.150,46.171000,5932.001000,6,8,2899,57
1760314583.883619,142,35.409,38.204000,5970.205000,8,9,2899,56
1760314584.883566,143,35.303,37.927000,6008.132000,7,9,2899,56
1760314585.883527,144,34.829,37.609000,6045.741000,7,8,2899,56
1760314586.883565,145,34.913,37.579000,6083.320000,8,9,2899,56
1760314587.883515,146,35.054,37.999000,6121.319000,7,9,2899,56
1760314588.883566,147,35.006,37.538000,6158.857000,7,9,2899,56
1760314589.883565,148,34.830,37.713000,6196.570000,7,9,2899,56
1760314590.883518,149,35.181,37.891000,6234.461000,7,9,2899,56
1760314591.883566,150,35.024,37.732000,6272.193000,7,9,2899,56
1760314592.883536,151,34.809,37.561000,6309.754000,7,9,2899,56
1760314593.883567,152,34.971,37.814000,6347.568000,7,9,2899,56
1760314594.883536,153,35.420,38.048000,6385.616000,8,9,2899,56
1760314595.883519,154,35.194,37.798000,6423.414000,7,9,2899,56
1760314596.883517,155,35.276,37.929000,6461.343000,8,9,2899,56
1760314597.883520,156,35.629,38.297000,6499.640000,7,8,2899,56
1760314598.883529,157,35.699,38.734000,6538.374000,6,8,2899,56
1760314599.883533,158,35.531,38.629000,6577.003000,7,8,2899,56
1760314600.883519,159,34.918,38.220000,6615.223000,6,8,2899,56
1760314601.883518,160,34.985,38.529000,6653.752000,6,8,2899,56
1760314602.883520,161,34.661,38.288000,6692.040000,7,9,2899,56
1760314603.883520,162,35.458,39.039000,6731.079000,7,8,2899,56
1760314604.883518,163,35.606,39.358000,6770.437000,7,9,2899,56
1760314605.883519,164,35.386,39.355000,6809.792000,7,8,2899,56
1760314606.883531,165,35.218,39.196000,6848.988000,7,9,2899,56
1760314607.883565,166,35.374,39.678000,6888.666000,7,9,2899,56
1760314608.883566,167,35.412,39.994000,6928.660000,7,9,2899,56
1760314609.883518,168,35.352,39.830000,6968.490000,7,9,2899,56
1760314610.883529,169,34.659,39.324000,7007.814000,7,9,2899,56
1760314611.883567,170,34.855,39.949000,7047.763000,7,8,2899,56
1760314612.883518,171,34.711,39.678000,7087.441000,7,9,2899,56
1760314613.883562,172,34.775,40.269000,7127.710000,6,8,2899,56
1760314614.883515,173,34.891,40.418000,7168.128000,7,9,2899,55
1760314615.883565,174,34.774,40.263000,7208.391000,6,8,2899,56
1760314616.883517,175,35.034,40.918000,7249.309000,6,8,2899,56
1760314617.883561,176,34.902,40.776000,7290.085000,7,8,2899,56
1760314618.883521,177,34.909,41.064000,7331.149000,7,8,2899,55
1760314619.883529,178,34.754,40.987000,7372.136000,7,9,2899,55
1760314620.883528,179,34.632,41.187000,7413.323000,7,9,2899,55
1760314621.883543,180,34.935,41.705000,7455.028000,7,8,2899,56
1760314622.883529,181,34.897,41.693000,7496.721000,8,9,2899,55
1760314623.883520,182,34.695,41.678000,7538.399000,6,9,2899,56
1760314624.883571,183,35.038,42.165000,7580.564000,7,8,2899,56
1760314625.883529,184,35.153,42.355000,7622.919000,8,9,2899,55
