ts,t_rel_s,power_w,energy_j_this_sec,energy_j_total,gpu_util_percent,mem_util_percent,mem_used_MiB,temp_c
1760395354.781556,0,5.593,0.000000,0.000000,3,1,643,58
1760395355.781517,1,25.046,29.096000,29.096000,7,8,1159,61
1760395356.781545,2,35.244,44.625000,73.721000,8,9,1509,62
1760395357.781516,3,35.237,44.872000,118.593000,6,8,1617,62
1760395358.781551,4,35.546,45.319000,163.912000,7,8,2023,63
1760395359.781516,5,35.844,45.765000,209.677000,6,8,2429,63
1760395360.781516,6,35.544,45.590000,255.267000,6,8,2429,63
1760395361.781560,7,35.403,45.539000,300.806000,6,8,2429,63
1760395362.781558,8,35.374,45.742000,346.548000,6,8,2429,63
1760395363.781559,9,35.277,45.915000,392.463000,7,8,2429,63
1760395364.781558,10,35.407,46.268000,438.731000,7,8,2429,63
1760395365.781558,11,35.316,46.203000,484.934000,7,8,2429,63
1760395366.781515,12,35.016,46.098000,531.032000,6,8,2429,63
1760395367.781563,13,35.038,37.798000,568.830000,6,8,2429,63
1760395368.781534,14,34.911,37.647000,606.477000,7,8,2429,63
1760395369.781561,15,35.008,37.697000,644.174000,6,8,2429,63
1760395370.781524,16,35.101,37.873000,682.047000,7,8,2429,63
1760395371.781517,17,35.243,37.953000,720.000000,7,9,2429,63
1760395372.781517,18,35.314,38.018000,758.018000,7,8,2429,63
1760395373.781528,19,35.118,37.897000,795.915000,6,7,2429,63
1760395374.781564,20,35.033,37.767000,833.682000,6,8,2429,62
1760395375.781561,21,35.118,38.073000,871.755000,7,8,2429,62
1760395376.781526,22,35.198,37.938000,909.693000,6,8,2429,62
1760395377.781563,23,35.160,37.886000,947.579000,7,9,2429,62
1760395378.781564,24,35.010,37.805000,985.384000,6,8,2429,62
1760395379.781561,25,34.884,37.616000,1023.000000,7,8,2429,62
1760395380.781512,26,34.851,37.557000,1060.557000,7,8,2429,62
1760395381.781564,27,35.115,38.013000,1098.570000,7,8,2429,62
1760395382.781563,28,35.144,38.030000,1136.600000,7,9,2429,62
1760395383.781549,29,34.994,37.957000,1174.557000,6,8,2429,62
1760395384.781565,30,34.808,37.979000,1212.536000,7,8,2429,62
1760395385.781566,31,34.836,38.291000,1250.827000,7,8,2429,61
1760395386.781563,32,34.863,38.563000,1289.390000,7,8,2429,62
1760395387.781560,33,34.786,38.336000,1327.726000,6,8,2429,61
1760395388.781566,34,34.811,38.494000,1366.220000,7,8,2429,61
1760395389.781568,35,34.726,38.616000,1404.836000,6,8,2429,61
1760395390.781512,36,34.719,38.912000,1443.748000,7,8,2429,61
1760395391.781521,37,34.898,39.049000,1482.797000,6,8,2429,61
1760395392.781531,38,34.844,39.139000,1521.936000,8,9,2429,61
1760395393.781516,39,34.776,39.223000,1561.159000,6,8,2429,61
1760395394.781563,40,34.694,39.310000,1600.469000,7,9,2429,61
1760395395.781564,41,34.589,39.431000,1639.900000,6,8,2429,61
1760395396.781564,42,34.496,39.643000,1679.543000,6,8,2429,61
1760395397.781561,43,34.562,39.865000,1719.408000,6,8,2429,61
1760395398.781565,44,34.710,40.095000,1759.503000,6,8,2429,61
1760395399.781513,45,34.715,40.224000,1799.727000,6,8,2429,61
1760395400.781561,46,34.556,40.254000,1839.981000,7,8,2429,60
1760395401.781533,47,34.541,40.496000,1880.477000,6,8,2429,60
1760395402.781572,48,34.693,40.840000,1921.317000,6,8,2429,60
1760395403.781569,49,34.528,40.775000,1962.092000,7,9,2429,60
1760395404.781567,50,34.453,40.943000,2003.035000,6,8,2429,60
1760395405.781563,51,34.381,41.028000,2044.063000,6,8,2429,60
1760395406.781564,52,34.321,41.046000,2085.109000,7,8,2429,60
1760395407.781565,53,34.426,41.362000,2126.471000,7,8,2429,60
1760395408.781536,54,34.447,41.528000,2167.999000,6,8,2429,60
1760395409.781563,55,34.418,41.692000,2209.691000,7,8,2429,60
1760395410.781559,56,34.487,41.995000,2251.686000,6,8,2429,60
1760395411.781566,57,34.357,41.797000,2293.483000,7,8,2429,60
1760395412.781562,58,34.261,41.988000,2335.471000,7,8,2429,60
1760395413.781564,59,34.343,42.125000,2377.596000,7,9,2429,60
1760395414.781519,60,34.485,42.402000,2419.998000,6,8,2429,60
1760395415.781563,61,34.407,42.571000,2462.569000,7,8,2429,59
1760395416.781513,62,34.176,42.712000,2505.281000,6,8,2429,60
1760395417.781564,63,34.191,42.970000,2548.251000,6,8,2429,59
1760395418.781562,64,34.183,42.923000,2591.174000,7,9,2429,59
1760395419.781512,65,34.092,43.050000,2634.224000,6,8,2429,59
1760395420.781511,66,34.280,43.368000,2677.592000,6,8,2429,59
1760395421.781564,67,34.268,43.594000,2721.186000,6,8,2429,59
1760395422.781563,68,34.135,43.578000,2764.764000,6,8,2429,59
1760395423.781518,69,34.274,43.852000,2808.616000,6,8,2429,59
1760395424.781534,70,34.405,44.204000,2852.820000,6,8,2429,59
1760395425.781564,71,34.216,44.218000,2897.038000,6,8,2429,59
1760395426.781563,72,34.468,44.763000,2941.801000,6,8,2429,59
1760395427.781563,73,34.570,44.970000,2986.771000,7,8,2429,59
1760395428.781563,74,34.477,44.889000,3031.660000,7,8,2429,59
1760395429.781562,75,34.421,45.050000,3076.710000,6,8,2429,59
1760395430.781523,76,34.302,45.214000,3121.924000,7,8,2429,59
1760395431.781516,77,34.331,45.280000,3167.204000,6,8,2429,59
1760395432.781564,78,34.296,37.008000,3204.212000,6,8,2429,59
1760395433.781519,79,34.137,37.037000,3241.249000,7,8,2429,59
1760395434.781566,80,34.284,37.017000,3278.266000,6,8,2429,59
1760395435.781563,81,34.413,37.324000,3315.590000,6,8,2429,59
1760395436.781527,82,34.523,37.376000,3352.966000,7,9,2429,59
1760395437.781571,83,34.385,37.303000,3390.269000,7,8,2429,59
1760395438.781563,84,34.290,37.112000,3427.381000,6,8,2539,58
1760395439.781514,85,34.071,36.895000,3464.276000,9,9,2023,59
1760395440.781532,86,34.190,37.175000,3501.451000,6,8,2023,58
1760395441.781522,87,34.291,37.256000,3538.707000,11,10,2318,59
1760395442.781568,88,34.269,37.068000,3575.775000,7,8,2539,58
1760395443.781514,89,34.198,37.153000,3612.928000,5,7,2023,59
1760395444.781533,90,34.595,37.612000,3650.540000,6,8,2539,59
1760395445.781559,91,34.259,37.024000,3687.564000,8,9,2023,58
1760395446.781543,92,34.265,37.053000,3724.617000,8,9,2318,59
1760395447.781564,93,34.207,36.939000,3761.556000,6,8,2429,59
1760395448.781563,94,34.182,37.345000,3798.901000,6,8,2429,58
1760395449.781533,95,34.178,37.589000,3836.490000,6,8,2429,58
1760395450.781516,96,34.173,37.770000,3874.260000,6,8,2429,58
1760395451.781515,97,34.091,37.925000,3912.185000,6,8,2429,58
1760395452.781560,98,34.093,37.933000,3950.118000,7,9,2429,58
1760395453.781565,99,34.223,38.078000,3988.196000,7,8,2429,58
1760395454.781561,100,34.233,38.313000,4026.509000,7,8,2429,58
1760395455.781563,101,34.018,38.071000,4064.580000,7,8,2429,58
1760395456.781564,102,33.825,38.129000,4102.709000,6,8,2429,58
1760395457.781562,103,33.825,38.452000,4141.161000,7,8,2429,58
1760395458.781563,104,33.975,38.727000,4179.888000,7,8,2429,58
1760395459.781534,105,34.022,38.907000,4218.795000,6,8,2429,58
1760395460.781563,106,33.907,38.950000,4257.745000,6,7,2429,58
1760395461.781512,107,33.937,39.383000,4297.128000,6,8,2429,58
1760395462.781565,108,33.925,39.392000,4336.520000,6,8,2429,58
1760395463.781563,109,33.996,39.621000,4376.141000,6,8,2429,58
1760395464.781564,110,34.061,39.854000,4415.995000,6,8,2429,58
1760395465.781534,111,33.939,39.923000,4455.918000,6,8,2429,58
1760395466.781561,112,33.893,40.059000,4495.977000,7,8,2429,58
1760395467.781569,113,33.870,40.072000,4536.049000,6,8,2429,58
1760395468.781565,114,33.910,40.541000,4576.590000,6,8,2429,58
1760395469.781560,115,33.915,40.637000,4617.227000,6,8,2429,58
1760395470.781559,116,33.899,40.758000,4657.985000,6,8,2429,57
1760395471.781568,117,33.874,41.059000,4699.044000,6,8,2429,58
1760395472.781572,118,33.821,40.835000,4739.879000,6,8,2429,57
1760395473.781560,119,33.754,41.209000,4781.088000,6,8,2429,57
1760395474.781560,120,33.635,41.152000,4822.240000,6,8,2429,57
1760395475.781523,121,33.795,41.552000,4863.792000,6,8,2429,57
1760395476.781520,122,34.007,41.832000,4905.624000,7,8,2429,57
1760395477.781562,123,34.130,42.093000,4947.717000,6,8,2429,57
1760395478.781564,124,34.089,42.313000,4990.030000,7,9,2429,57
1760395479.781564,125,33.972,42.362000,5032.392000,6,8,2429,57
1760395480.781563,126,33.961,42.453000,5074.845000,6,7,2429,57
1760395481.781512,127,33.880,42.829000,5117.674000,6,8,2429,57
1760395482.781564,128,34.029,42.932000,5160.606000,7,8,2429,57
1760395483.781524,129,33.889,43.005000,5203.611000,7,8,2429,57
1760395484.781563,130,33.900,43.160000,5246.771000,6,8,2429,57
1760395485.781565,131,33.906,46.760000,5293.531000,6,8,2429,57
1760395486.781569,132,33.871,33.995000,5327.526000,6,8,2429,57
1760395487.781563,133,33.708,34.122000,5361.648000,6,8,2429,57
1760395488.781530,134,33.704,33.882000,5395.530000,7,8,2429,57
1760395489.781513,135,33.749,34.220000,5429.750000,6,8,2429,57
1760395490.781516,136,33.837,34.301000,5464.051000,6,8,2429,57
1760395491.781560,137,33.862,34.430000,5498.481000,7,8,2429,57
1760395492.781563,138,33.771,34.714000,5533.195000,6,8,2429,57
1760395493.781520,139,33.825,34.939000,5568.134000,6,8,2429,57
1760395494.781559,140,33.845,35.176000,5603.310000,6,8,2429,57
1760395495.781563,141,33.940,37.573000,5640.883000,7,8,2429,57
1760395496.781514,142,33.926,37.671000,5678.554000,7,8,2429,57
1760395497.781565,143,33.822,37.618000,5716.172000,6,8,2429,57
1760395498.781536,144,33.774,37.443000,5753.615000,6,8,2429,57
1760395499.781563,145,33.702,37.342000,5790.957000,6,8,2429,57
1760395500.781512,146,33.672,37.189000,5828.146000,6,8,2429,57
1760395501.781516,147,33.742,37.550000,5865.696000,6,8,2429,57
1760395502.781536,148,33.801,37.453000,5903.149000,6,8,2429,57
1760395503.781566,149,33.675,37.567000,5940.716000,6,8,2429,56
1760395504.781563,150,33.690,37.238000,5977.954000,6,8,2429,57
1760395505.781535,151,33.732,37.576000,6015.530000,6,8,2429,56
1760395506.781563,152,33.823,37.451000,6052.981000,6,8,2429,56
1760395507.781563,153,33.924,37.438000,6090.419000,7,8,2429,57
1760395508.781561,154,33.829,37.469000,6127.888000,6,8,2429,57
1760395509.781565,155,33.901,37.519000,6165.407000,7,9,2429,56
1760395510.781511,156,33.755,37.470000,6202.877000,7,9,2429,57
1760395511.781559,157,33.770,37.365000,6240.242000,7,8,2429,56
1760395512.781528,158,33.809,37.562000,6277.804000,7,8,2429,56
1760395513.781562,159,33.706,37.370000,6315.174000,7,8,2429,56
1760395514.781563,160,33.844,37.407000,6352.581000,6,8,2429,56
1760395515.781566,161,33.709,37.639000,6390.220000,6,7,2429,56
1760395516.781569,162,33.635,34.224000,6424.444000,5,8,2429,56
1760395517.781538,163,33.669,34.463000,6458.907000,6,8,2429,56
1760395518.781518,164,33.706,34.739000,6493.646000,6,8,2429,56
1760395519.781535,165,33.733,34.780000,6528.426000,7,8,2429,56
1760395520.781565,166,33.791,35.234000,6563.660000,7,8,2429,56
1760395521.781576,167,33.688,34.963000,6598.623000,7,8,2429,56
1760395522.781559,168,33.559,35.495000,6634.118000,7,8,2429,56
1760395523.781563,169,33.496,35.269000,6669.387000,8,8,2429,56
1760395524.781558,170,33.402,35.375000,6704.762000,7,8,2429,56
1760395525.781517,171,33.611,35.616000,6740.378000,6,8,2429,56
1760395526.781566,172,33.727,35.996000,6776.374000,6,8,2429,56
1760395527.781563,173,33.656,36.150000,6812.524000,6,8,2429,56
1760395528.781572,174,33.646,36.272000,6848.796000,6,8,2429,56
1760395529.781563,175,33.586,36.137000,6884.933000,7,8,2429,56
1760395530.781534,176,33.582,36.478000,6921.411000,6,8,2429,56
1760395531.781565,177,33.505,36.571000,6957.982000,7,8,2539,56
1760395532.781570,178,33.589,37.168000,6995.150000,6,8,2023,56
1760395533.781529,179,33.476,36.743000,7031.893000,6,8,2023,56
1760395534.781544,180,33.483,37.040000,7068.933000,6,8,2397,56
1760395535.781559,181,33.382,36.948000,7105.881000,6,8,2023,56
1760395536.781564,182,33.475,37.277000,7143.158000,6,8,2133,56
1760395537.781525,183,33.578,37.830000,7180.988000,7,8,1617,56
1760395538.781532,184,33.424,37.624000,7218.612000,6,8,1617,56
