ts,t_rel_s,power_w,energy_j_this_sec,energy_j_total,gpu_util_percent,mem_util_percent,mem_used_MiB,temp_c
1760818067.087427,0,21.035,0.000000,0.000000,0,0,1408,48
1760818068.087549,1,28.394,33.578000,33.578000,13,11,1976,49
1760818069.087775,2,28.266,33.084000,66.662000,6,6,2544,49
1760818070.087469,3,27.866,32.663000,99.325000,6,7,2544,49
1760818071.087435,4,27.498,32.709000,132.034000,7,7,2544,49
1760818072.087480,5,27.518,32.842000,164.876000,7,7,2535,50
1760818073.087534,6,27.549,33.093000,197.969000,7,7,2535,50
1760818074.087467,7,27.647,33.743000,231.712000,7,7,2535,50
1760818075.087595,8,27.714,33.844000,265.556000,7,7,2535,50
1760818076.087475,9,27.720,34.080000,299.636000,7,7,2535,50
1760818077.087559,10,27.647,34.264000,333.900000,6,6,2535,51
1760818078.087527,11,27.673,34.738000,368.638000,6,6,2535,51
1760818079.087571,12,27.702,34.644000,403.282000,5,6,2535,51
1760818080.087520,13,27.708,34.733000,438.015000,6,6,2535,51
1760818081.087533,14,27.761,34.881000,472.896000,7,7,2535,51
1760818082.087755,15,27.861,35.123000,508.019000,7,7,2535,51
1760818083.087444,16,27.893,35.444000,543.463000,8,7,2535,52
1760818084.087469,17,27.803,35.435000,578.898000,7,7,2535,52
1760818085.087584,18,27.838,35.699000,614.597000,6,7,2535,52
1760818086.087440,19,27.906,36.079000,650.676000,6,6,2535,52
1760818087.087424,20,27.960,36.134000,686.810000,6,6,2535,52
1760818088.087438,21,27.877,36.314000,723.124000,6,6,2535,52
1760818089.087441,22,27.845,36.549000,759.673000,6,6,2535,52
1760818090.087425,23,27.929,36.758000,796.431000,7,7,2535,52
1760818091.087443,24,27.937,36.897000,833.328000,6,7,2535,52
1760818092.087425,25,27.958,37.096000,870.424000,7,7,2535,53
1760818093.087425,26,27.985,37.251000,907.675000,7,7,2535,53
1760818094.087436,27,28.077,37.516000,945.191000,7,7,2535,53
1760818095.087421,28,28.072,37.653000,982.844000,7,7,2535,53
1760818096.087439,29,28.041,37.818000,1020.662000,7,7,2535,53
1760818097.087421,30,28.131,38.189000,1058.851000,5,6,2535,53
1760818098.087816,31,28.119,38.407000,1097.258000,6,6,2535,53
1760818099.087445,32,28.127,38.957000,1136.215000,6,6,2535,53
1760818100.087529,33,28.049,38.782000,1174.997000,6,6,2535,53
1760818101.087421,34,28.070,38.950000,1213.947000,7,7,2535,53
1760818102.087451,35,28.114,39.057000,1253.004000,6,7,2535,53
1760818103.087420,36,28.088,31.305000,1284.309000,7,7,2535,53
1760818104.087437,37,28.150,31.269000,1315.578000,7,7,2535,54
1760818105.087531,38,28.192,31.365000,1346.943000,7,7,2535,54
1760818106.087421,39,28.256,31.380000,1378.323000,7,7,2535,54
1760818107.087431,40,28.228,31.396000,1409.719000,7,7,2535,54
1760818108.087450,41,28.206,31.214000,1440.933000,7,7,2535,54
1760818109.087425,42,28.289,31.403000,1472.336000,7,7,2535,54
1760818110.087536,43,28.352,31.367000,1503.703000,7,7,2535,54
1760818111.087421,44,28.316,31.376000,1535.079000,7,7,2535,54
1760818112.087436,45,28.218,31.374000,1566.453000,6,6,2535,54
1760818113.087713,46,28.208,31.376000,1597.829000,5,6,2535,54
1760818114.087421,47,28.303,31.427000,1629.256000,6,6,2535,54
1760818115.087463,48,28.258,31.426000,1660.682000,6,6,2535,54
1760818116.087427,49,28.259,31.420000,1692.102000,7,7,2535,54
1760818117.087432,50,28.353,31.506000,1723.608000,6,7,2535,55
1760818118.087426,51,28.337,31.470000,1755.078000,6,7,2535,55
1760818119.087439,52,28.371,31.634000,1786.712000,7,7,2535,55
1760818120.087436,53,28.343,31.820000,1818.532000,7,7,2535,55
1760818121.087427,54,28.444,31.869000,1850.401000,7,7,2535,55
1760818122.087424,55,28.469,32.319000,1882.720000,7,7,2535,55
1760818123.087423,56,28.390,32.426000,1915.146000,7,7,2535,55
1760818124.087447,57,28.358,32.491000,1947.637000,6,6,2535,55
1760818125.087440,58,28.419,32.685000,1980.322000,5,6,2535,55
1760818126.087439,59,28.442,32.841000,2013.163000,6,7,2535,55
1760818127.087426,60,28.400,32.985000,2046.148000,6,6,2535,55
1760818128.087443,61,28.414,33.169000,2079.317000,7,7,2535,55
1760818129.087525,62,28.482,33.451000,2112.768000,6,7,2535,55
1760818130.087435,63,28.489,33.637000,2146.405000,7,7,2535,55
1760818131.087425,64,28.464,33.685000,2180.090000,7,7,2535,55
1760818132.087424,65,28.479,33.816000,2213.906000,7,7,2535,55
1760818133.087436,66,28.519,34.138000,2248.044000,7,7,2535,55
1760818134.087439,67,28.504,34.289000,2282.333000,7,7,2535,55
1760818135.087459,68,28.403,34.577000,2316.910000,7,7,2535,55
1760818136.087439,69,28.438,34.782000,2351.692000,6,6,2535,55
1760818137.087453,70,28.517,34.977000,2386.669000,6,6,2535,55
1760818138.087419,71,28.473,35.137000,2421.806000,6,6,2535,55
1760818139.087438,72,28.509,35.265000,2457.071000,5,6,2535,55
1760818140.087443,73,28.453,35.476000,2492.547000,7,7,2535,55
1760818141.087421,74,28.504,35.719000,2528.266000,6,6,2535,55
1760818142.087421,75,28.515,35.827000,2564.093000,6,6,2535,55
1760818143.087469,76,28.451,35.988000,2600.081000,6,7,2535,55
1760818144.087574,77,28.511,36.285000,2636.366000,7,7,2535,55
1760818145.087424,78,28.543,36.525000,2672.891000,7,7,2535,55
1760818146.087421,79,28.528,36.580000,2709.471000,7,7,2535,55
1760818147.087444,80,28.528,36.777000,2746.248000,7,7,2535,55
1760818148.087434,81,28.434,36.884000,2783.132000,6,6,2535,55
1760818149.087443,82,28.316,36.846000,2819.978000,7,7,2535,55
1760818150.087422,83,27.349,36.287000,2856.265000,6,6,2535,55
1760818151.087421,84,26.586,35.682000,2891.947000,6,7,2535,55
1760818152.087453,85,26.807,35.679000,2927.626000,5,6,2535,55
1760818153.087445,86,25.718,35.508000,2963.134000,6,6,2535,55
1760818154.087446,87,26.521,36.368000,2999.502000,4,5,2535,55
1760818155.087445,88,26.594,36.248000,3035.750000,4,5,2535,55
1760818156.087454,89,26.246,36.318000,3072.068000,4,5,2535,55
1760818157.087807,90,26.149,36.352000,3108.420000,3,4,2535,55
1760818158.087450,91,26.054,36.757000,3145.177000,4,4,2645,55
1760818159.087456,92,26.156,36.708000,3181.885000,3,4,2645,55
1760818160.087760,93,25.873,36.774000,3218.659000,3,4,2645,55
1760818161.087422,94,26.210,37.503000,3256.162000,4,4,2035,55
1760818162.087449,95,26.180,28.961000,3285.123000,3,4,2074,55
1760818163.087425,96,25.996,28.620000,3313.743000,4,5,2576,55
1760818164.087441,97,27.470,30.330000,3344.073000,6,6,2074,55
1760818165.087450,98,26.521,29.367000,3373.440000,5,6,1396,55
1760818166.087424,99,28.900,31.943000,3405.383000,9,8,2422,56
1760818167.087447,100,29.109,31.830000,3437.213000,7,7,2532,56
1760818168.087422,101,28.570,31.399000,3468.612000,6,6,2532,56
1760818169.087422,102,28.631,31.349000,3499.961000,6,7,2532,56
1760818170.087448,103,28.591,31.314000,3531.275000,7,7,2532,55
1760818171.087536,104,28.569,31.344000,3562.619000,6,6,2532,55
1760818172.087427,105,28.521,31.287000,3593.906000,6,7,2532,55
1760818173.087425,106,28.536,31.378000,3625.284000,6,7,2532,56
1760818174.087442,107,28.641,31.332000,3656.616000,7,7,2532,56
1760818175.087528,108,28.612,31.370000,3687.986000,7,7,2532,56
1760818176.087519,109,28.548,31.373000,3719.359000,7,7,2532,55
1760818177.087828,110,28.635,31.601000,3750.960000,6,7,2532,55
1760818178.087427,111,28.589,31.900000,3782.860000,7,7,2532,56
1760818179.087422,112,28.585,32.017000,3814.877000,7,7,2532,56
1760818180.087568,113,28.562,32.127000,3847.004000,7,7,2532,56
1760818181.087527,114,28.574,32.274000,3879.278000,6,6,2532,56
1760818182.087446,115,28.553,32.181000,3911.459000,7,7,2532,56
1760818183.087517,116,28.585,32.434000,3943.893000,7,7,2532,56
1760818184.087523,117,28.571,32.690000,3976.583000,7,7,2532,56
1760818185.087467,118,28.650,32.904000,4009.487000,7,7,2532,56
1760818186.087471,119,28.554,33.057000,4042.544000,6,7,2532,56
1760818187.087554,120,29.086,33.787000,4076.331000,8,7,2559,56
1760818188.087466,121,28.849,33.750000,4110.081000,7,7,2561,56
1760818189.087428,122,28.686,33.709000,4143.790000,7,7,2560,56
1760818190.087450,123,28.615,33.815000,4177.605000,6,6,2559,56
1760818191.087536,124,28.659,34.051000,4211.656000,7,7,2559,56
1760818192.087451,125,28.600,34.186000,4245.842000,7,7,2559,56
1760818193.087563,126,28.667,34.524000,4280.366000,7,7,2534,56
1760818194.087442,127,28.613,34.643000,4315.009000,6,6,2534,56
1760818195.087779,128,28.649,34.858000,4349.867000,6,7,2534,56
1760818196.087536,129,28.657,35.208000,4385.075000,6,7,2534,56
1760818197.087457,130,28.610,35.216000,4420.291000,7,7,2534,56
1760818198.087460,131,28.566,35.420000,4455.711000,6,6,2534,56
1760818199.087455,132,28.638,35.595000,4491.306000,6,6,2534,56
1760818200.087453,133,28.632,35.804000,4527.110000,6,7,2534,56
1760818201.087553,134,28.669,35.990000,4563.100000,6,7,2534,56
1760818202.087458,135,28.645,36.179000,4599.279000,6,7,2534,56
1760818203.087464,136,28.588,36.380000,4635.659000,6,7,2534,56
1760818204.087428,137,28.627,36.532000,4672.191000,6,6,2534,56
1760818205.087474,138,28.690,36.624000,4708.815000,7,7,2534,56
1760818206.087444,139,28.668,36.854000,4745.669000,7,7,2534,56
1760818207.087425,140,28.686,37.287000,4782.956000,7,7,2534,56
1760818208.087443,141,28.574,37.333000,4820.289000,6,7,2534,56
1760818209.087424,142,28.620,37.382000,4857.671000,6,7,2534,56
1760818210.087463,143,28.677,37.582000,4895.253000,7,7,2534,56
1760818211.087442,144,28.653,37.866000,4933.119000,7,7,2534,56
1760818212.087528,145,28.634,38.033000,4971.152000,6,7,2534,56
1760818213.087442,146,28.654,38.215000,5009.367000,7,7,2534,56
1760818214.087611,147,28.685,38.425000,5047.792000,7,7,2534,56
1760818215.087425,148,28.666,38.678000,5086.470000,7,7,2534,56
1760818216.087425,149,28.611,38.775000,5125.245000,7,7,2534,56
1760818217.087518,150,28.614,38.955000,5164.200000,6,7,2534,56
1760818218.087422,151,28.672,39.208000,5203.408000,7,7,2534,56
1760818219.087424,152,28.672,39.285000,5242.693000,7,7,2534,56
1760818220.087420,153,28.708,39.588000,5282.281000,7,7,2534,56
1760818221.087554,154,28.627,39.649000,5321.930000,6,7,2534,56
1760818222.087521,155,28.644,31.277000,5353.207000,6,7,2534,56
1760818223.087420,156,28.625,31.299000,5384.506000,6,7,2534,56
1760818224.087439,157,28.693,31.471000,5415.977000,7,7,2534,56
1760818225.087442,158,28.648,31.356000,5447.333000,6,7,2534,56
1760818226.087436,159,28.607,31.431000,5478.764000,6,6,2534,56
1760818227.087448,160,28.659,31.374000,5510.138000,6,7,2534,56
1760818228.087445,161,28.663,31.345000,5541.483000,7,7,2534,56
1760818229.087422,162,28.649,31.406000,5572.889000,6,6,2534,56
1760818230.087421,163,28.678,31.423000,5604.312000,6,6,2534,56
1760818231.087461,164,28.677,31.376000,5635.688000,6,6,2534,56
1760818232.087439,165,28.712,31.486000,5667.174000,6,7,2534,56
1760818233.087424,166,28.692,31.512000,5698.686000,6,7,2534,56
1760818234.087541,167,28.698,31.522000,5730.208000,6,7,2534,56
1760818235.087442,168,28.693,31.469000,5761.677000,6,6,2534,56
1760818236.087445,169,28.671,31.559000,5793.236000,6,7,2534,56
1760818237.087440,170,28.641,31.705000,5824.941000,7,7,2534,56
1760818238.087424,171,28.588,31.944000,5856.885000,6,6,2534,56
1760818239.087563,172,28.636,32.288000,5889.173000,6,6,2534,56
1760818240.087439,173,28.677,32.453000,5921.626000,6,6,2534,56
1760818241.087438,174,28.665,32.285000,5953.911000,7,7,2534,56
1760818242.087462,175,28.658,32.493000,5986.404000,7,7,2534,56
1760818243.087421,176,28.650,32.633000,6019.037000,6,6,2534,56
1760818244.087445,177,28.663,32.821000,6051.858000,6,7,2534,56
1760818245.087445,178,28.366,32.635000,6084.493000,7,7,2534,56
1760818246.087422,179,27.624,35.010000,6119.503000,5,5,2534,56
1760818247.087437,180,28.201,28.833000,6148.336000,7,6,2534,56
1760818248.087450,181,28.980,28.699000,6177.035000,11,10,2534,56
1760818249.087608,182,27.596,27.580000,6204.615000,5,6,2534,56
1760818250.087423,183,26.266,26.781000,6231.396000,5,6,2534,56
1760818251.087448,184,27.690,28.090000,6259.486000,6,6,2534,56
