ts,t_rel_s,power_w,energy_j_this_sec,energy_j_total,gpu_util_percent,mem_util_percent,mem_used_MiB,temp_c
1760260476.505201,0,25.023,0.000000,0.000000,7,7,1573,50
1760260477.505198,1,29.522,39.697000,39.697000,9,8,1915,51
1760260478.505195,2,29.937,40.237000,79.934000,7,8,2321,51
1760260479.505235,3,29.659,39.693000,119.627000,6,7,2429,51
1760260480.505196,4,29.775,39.884000,159.511000,7,8,2429,51
1760260481.505233,5,29.660,39.869000,199.380000,7,7,2429,51
1760260482.505299,6,29.576,40.063000,239.443000,7,8,2429,51
1760260483.505349,7,29.307,40.076000,279.519000,6,8,2429,51
1760260484.505309,8,29.238,40.176000,319.695000,7,8,2429,51
1760260485.505204,9,28.981,40.095000,359.790000,7,8,2429,51
1760260486.505209,10,29.143,40.411000,400.201000,7,8,2429,52
1760260487.505233,11,29.131,31.898000,432.099000,6,7,2429,52
1760260488.505227,12,29.231,32.083000,464.182000,7,8,2429,52
1760260489.505216,13,29.301,32.022000,496.204000,6,7,2429,52
1760260490.505194,14,29.381,32.283000,528.487000,7,8,2429,52
1760260491.505291,15,29.592,32.327000,560.814000,7,8,2429,52
1760260492.505423,16,29.708,32.544000,593.358000,7,8,2429,52
1760260493.505235,17,29.852,32.594000,625.952000,7,8,2429,52
1760260494.505211,18,29.836,32.622000,658.574000,6,7,2429,53
1760260495.505291,19,29.836,32.608000,691.182000,7,8,2429,53
1760260496.505197,20,29.723,32.433000,723.615000,7,8,2429,53
1760260497.505311,21,29.762,32.524000,756.139000,6,7,2429,53
1760260498.505208,22,29.719,32.543000,788.682000,7,8,2429,53
1760260499.505195,23,29.556,32.332000,821.014000,7,8,2429,53
1760260500.505235,24,29.468,32.276000,853.290000,7,8,2429,53
1760260501.505199,25,29.397,32.560000,885.850000,7,8,2429,53
1760260502.505231,26,29.415,32.602000,918.452000,7,8,2429,53
1760260503.505198,27,29.337,32.924000,951.376000,6,8,2429,53
1760260504.505595,28,29.382,33.107000,984.483000,7,8,2429,54
1760260505.505233,29,29.411,33.341000,1017.824000,7,8,2429,54
1760260506.505193,30,29.391,33.150000,1050.974000,7,8,2429,54
1760260507.505211,31,29.350,33.310000,1084.284000,7,8,2429,54
1760260508.505196,32,29.527,33.751000,1118.035000,7,8,2429,54
1760260509.505238,33,29.514,33.772000,1151.807000,6,8,2429,54
1760260510.505362,34,29.640,34.249000,1186.056000,6,8,2429,54
1760260511.505211,35,29.658,34.638000,1220.694000,7,8,2429,54
1760260512.505194,36,29.874,34.720000,1255.414000,7,8,2429,54
1760260513.505198,37,30.221,35.325000,1290.739000,7,8,2429,54
1760260514.505191,38,30.328,35.660000,1326.399000,7,8,2429,54
1760260515.505212,39,30.347,35.770000,1362.169000,7,8,2429,54
1760260516.505204,40,30.427,36.130000,1398.299000,6,8,2429,55
1760260517.505595,41,30.285,36.057000,1434.356000,7,7,2429,55
1760260518.505272,42,30.236,36.630000,1470.986000,7,8,2429,55
1760260519.505286,43,30.056,36.447000,1507.433000,7,8,2429,55
1760260520.505194,44,30.181,36.704000,1544.137000,6,7,2429,55
1760260521.505229,45,30.355,37.034000,1581.171000,6,7,2429,55
1760260522.505553,46,30.349,37.239000,1618.410000,6,7,2429,55
1760260523.505234,47,30.485,37.839000,1656.249000,7,8,2429,55
1760260524.505192,48,30.619,37.837000,1694.086000,7,8,2429,55
1760260525.505312,49,30.529,37.885000,1731.971000,7,8,2429,55
1760260526.505191,50,30.548,38.129000,1770.100000,8,8,2429,55
1760260527.505193,51,30.484,38.261000,1808.361000,6,7,2429,55
1760260528.505337,52,30.441,38.436000,1846.797000,6,7,2429,55
1760260529.505191,53,30.453,38.760000,1885.557000,7,8,2429,55
1760260530.505207,54,30.345,38.672000,1924.229000,7,8,2429,55
1760260531.505211,55,30.407,38.919000,1963.148000,8,8,2429,55
1760260532.505234,56,30.266,39.007000,2002.155000,7,8,2429,55
1760260533.505268,57,30.223,39.722000,2041.877000,6,8,2429,55
1760260534.505234,58,30.147,39.723000,2081.600000,6,7,2429,55
1760260535.505234,59,30.204,39.705000,2121.305000,6,7,2429,55
1760260536.505217,60,30.246,39.769000,2161.074000,7,8,2429,55
1760260537.505224,61,30.247,40.003000,2201.077000,6,8,2429,55
1760260538.505213,62,30.187,40.181000,2241.258000,6,7,2429,55
1760260539.505505,63,30.121,40.250000,2281.508000,7,8,2429,55
1760260540.505270,64,30.067,40.570000,2322.078000,6,7,2429,55
1760260541.505354,65,29.993,40.355000,2362.433000,6,8,2429,55
1760260542.505193,66,29.927,40.660000,2403.093000,7,8,2429,55
1760260543.505196,67,30.011,40.959000,2444.052000,6,8,2429,55
1760260544.505238,68,30.040,41.023000,2485.075000,6,8,2429,55
1760260545.505287,69,30.263,41.478000,2526.553000,7,8,2429,55
1760260546.505345,70,30.494,33.131000,2559.684000,7,8,2429,55
1760260547.505232,71,30.613,33.329000,2593.013000,6,8,2429,55
1760260548.505607,72,30.648,33.337000,2626.350000,7,8,2429,55
1760260549.505197,73,30.689,33.378000,2659.728000,8,8,2429,55
1760260550.505327,74,30.468,33.312000,2693.040000,8,8,2429,55
1760260551.505240,75,30.454,33.241000,2726.281000,6,8,2429,55
1760260552.505193,76,30.355,33.083000,2759.364000,7,8,2429,56
1760260553.505238,77,30.286,33.063000,2792.427000,6,8,2429,56
1760260554.505198,78,30.172,32.950000,2825.377000,6,8,2429,55
1760260555.505214,79,30.252,33.052000,2858.429000,7,8,2429,56
1760260556.505296,80,30.262,33.001000,2891.430000,7,8,2429,56
1760260557.505625,81,30.375,33.165000,2924.595000,7,8,2429,56
1760260558.505195,82,30.398,33.408000,2958.003000,7,8,2429,56
1760260559.505196,83,30.514,33.317000,2991.320000,7,8,2429,55
1760260560.505205,84,30.556,33.505000,3024.825000,6,7,2429,56
1760260561.505283,85,30.572,33.864000,3058.689000,7,8,2429,56
1760260562.505192,86,30.597,34.159000,3092.848000,6,7,2429,56
1760260563.505199,87,30.611,34.292000,3127.140000,7,8,2429,56
1760260564.505201,88,30.564,34.155000,3161.295000,7,8,2429,56
1760260565.505287,89,30.582,34.491000,3195.786000,7,8,2429,56
1760260566.505224,90,30.427,34.425000,3230.211000,6,7,2539,56
1760260567.505428,91,30.482,34.723000,3264.934000,6,8,2023,56
1760260568.505205,92,30.371,34.772000,3299.706000,8,9,2023,56
1760260569.505590,93,30.628,35.177000,3334.883000,10,9,2385,56
1760260570.505287,94,29.877,34.648000,3369.531000,7,8,2539,56
1760260571.505574,95,30.273,35.155000,3404.686000,7,8,2023,56
1760260572.505231,96,30.277,35.708000,3440.394000,7,8,2023,56
1760260573.505301,97,30.749,36.132000,3476.526000,6,7,2429,56
1760260574.505300,98,29.911,35.469000,3511.995000,7,8,2429,56
1760260575.505305,99,30.071,35.751000,3547.746000,6,7,2429,56
1760260576.505234,100,29.772,35.694000,3583.440000,6,8,2429,56
1760260577.505192,101,29.603,35.639000,3619.079000,8,9,2429,56
1760260578.505215,102,29.752,35.963000,3655.042000,7,8,2429,56
1760260579.505586,103,29.714,36.108000,3691.150000,7,8,2429,56
1760260580.505193,104,29.759,36.592000,3727.742000,7,8,2429,56
1760260581.505194,105,29.661,36.438000,3764.180000,6,8,2429,56
1760260582.505208,106,29.810,36.802000,3800.982000,6,7,2429,56
1760260583.505206,107,29.989,37.180000,3838.162000,6,8,2429,56
1760260584.505296,108,30.222,37.597000,3875.759000,7,8,2429,56
1760260585.505194,109,30.120,37.729000,3913.488000,7,8,2429,56
1760260586.505191,110,30.065,37.812000,3951.300000,6,7,2429,56
1760260587.505301,111,30.197,38.151000,3989.451000,7,8,2429,56
1760260588.505218,112,30.387,38.520000,4027.971000,7,8,2429,56
1760260589.505300,113,30.481,38.906000,4066.877000,7,8,2429,56
1760260590.505191,114,30.394,38.970000,4105.847000,7,8,2429,56
1760260591.505214,115,30.271,38.917000,4144.764000,7,8,2429,56
1760260592.505197,116,30.122,38.989000,4183.753000,6,8,2429,56
1760260593.505208,117,29.936,39.039000,4222.792000,6,8,2429,56
1760260594.505193,118,29.756,39.025000,4261.817000,6,7,2429,56
1760260595.505220,119,29.794,39.182000,4300.999000,6,7,2429,56
1760260596.505231,120,29.679,39.398000,4340.397000,7,8,2429,56
1760260597.505192,121,30.016,39.945000,4380.342000,7,8,2429,56
1760260598.505194,122,29.927,39.866000,4420.208000,7,8,2429,56
1760260599.505233,123,29.863,39.966000,4460.174000,7,8,2429,56
1760260600.505283,124,29.483,39.915000,4500.089000,6,7,2429,56
1760260601.505194,125,29.512,40.177000,4540.266000,7,8,2429,56
1760260602.505195,126,29.320,40.083000,4580.349000,7,8,2429,56
1760260603.505212,127,29.429,40.335000,4620.684000,6,7,2429,56
1760260604.505193,128,29.092,40.276000,4660.960000,6,8,2539,56
1760260605.505199,129,29.547,32.316000,4693.276000,7,8,2023,56
1760260606.505194,130,29.396,32.086000,4725.362000,12,9,1836,56
1760260607.505208,131,30.759,33.474000,4758.836000,8,8,1991,56
1760260608.505207,132,30.966,33.726000,4792.562000,8,8,1912,57
1760260609.505236,133,30.123,32.698000,4825.260000,7,8,2038,57
1760260610.505301,134,30.599,34.293000,4859.553000,7,8,2429,57
1760260611.505220,135,30.303,33.038000,4892.591000,7,8,2429,56
1760260612.505564,136,30.390,33.073000,4925.664000,6,7,2429,56
1760260613.505214,137,30.455,33.237000,4958.901000,6,7,2429,56
1760260614.505244,138,30.570,33.399000,4992.300000,6,7,2429,56
1760260615.505312,139,30.223,32.947000,5025.247000,7,8,2429,56
1760260616.505250,140,30.271,32.969000,5058.216000,7,8,2429,56
1760260617.505213,141,30.122,32.861000,5091.077000,6,7,2429,56
1760260618.505234,142,30.183,33.131000,5124.208000,7,8,2429,56
1760260619.505212,143,30.237,33.337000,5157.545000,6,7,2429,56
1760260620.505431,144,29.879,33.151000,5190.696000,6,7,2429,56
1760260621.505414,145,29.733,33.269000,5223.965000,7,8,2429,56
1760260622.505337,146,29.770,33.391000,5257.356000,6,7,2429,56
1760260623.505239,147,29.842,33.588000,5290.944000,6,7,2429,56
1760260624.505214,148,30.055,33.971000,5324.915000,7,8,2429,56
1760260625.505214,149,30.136,34.125000,5359.040000,7,8,2429,56
1760260626.505195,150,30.353,34.460000,5393.500000,8,8,2429,56
1760260627.505294,151,30.335,34.828000,5428.328000,7,8,2429,56
1760260628.505235,152,30.179,34.717000,5463.045000,7,8,2429,56
1760260629.505295,153,30.015,34.720000,5497.765000,7,8,2429,56
1760260630.505218,154,30.044,35.022000,5532.787000,6,7,2429,56
1760260631.505220,155,30.088,35.103000,5567.890000,6,7,2429,56
1760260632.505192,156,29.817,35.128000,5603.018000,6,7,2429,56
1760260633.505235,157,29.833,35.308000,5638.326000,7,8,2429,56
1760260634.505219,158,29.824,35.407000,5673.733000,7,8,2429,56
1760260635.505216,159,30.021,35.891000,5709.624000,7,8,2429,56
1760260636.505238,160,30.169,36.185000,5745.809000,6,7,2429,56
1760260637.505252,161,30.271,36.518000,5782.327000,6,8,2429,56
1760260638.505222,162,30.221,36.693000,5819.020000,6,8,2429,56
1760260639.505205,163,30.356,36.984000,5856.004000,7,8,2429,56
1760260640.505214,164,30.289,37.007000,5893.011000,6,7,2429,56
1760260641.505195,165,30.359,37.362000,5930.373000,7,8,2429,56
1760260642.505299,166,30.387,37.512000,5967.885000,7,8,2429,56
1760260643.505198,167,30.288,37.620000,6005.505000,7,8,2429,56
1760260644.505227,168,30.267,37.870000,6043.375000,7,8,2429,56
1760260645.505236,169,30.176,37.899000,6081.274000,7,8,2429,56
1760260646.505233,170,29.880,37.776000,6119.050000,7,8,2429,56
1760260647.505247,171,30.043,38.150000,6157.200000,6,7,2429,56
1760260648.505230,172,30.149,38.622000,6195.822000,6,7,2429,56
1760260649.505293,173,30.249,38.829000,6234.651000,7,8,2429,56
1760260650.505201,174,30.432,39.165000,6273.816000,6,8,2429,56
1760260651.505212,175,30.471,39.350000,6313.166000,6,8,2429,56
1760260652.505320,176,30.517,39.480000,6352.646000,6,8,2429,56
1760260653.505198,177,30.457,39.756000,6392.402000,7,8,2429,56
1760260654.505218,178,30.437,39.818000,6432.220000,7,8,2429,56
1760260655.505212,179,30.432,40.158000,6472.378000,6,7,2429,56
1760260656.505195,180,30.566,40.459000,6512.837000,8,8,2429,56
1760260657.505343,181,30.377,40.316000,6553.153000,7,8,2429,56
1760260658.505233,182,30.190,40.519000,6593.672000,6,8,2429,56
1760260659.505233,183,30.201,40.579000,6634.251000,6,7,2429,56
1760260660.505304,184,29.910,40.549000,6674.800000,6,7,2429,56
