ts,t_rel_s,power_w,energy_j_this_sec,energy_j_total,gpu_util_percent,mem_util_percent,mem_used_MiB,temp_c
1760871580.812463,0,21.589,0.000000,0.000000,3,2,1416,49
1760871581.812115,1,26.778,30.925000,30.925000,13,11,1984,50
1760871582.812114,2,28.184,30.180000,61.105000,6,7,2552,50
1760871583.812360,3,28.172,29.526000,90.631000,5,6,2552,51
1760871584.812085,4,27.630,29.693000,120.324000,6,6,2552,51
1760871585.812109,5,27.651,29.752000,150.076000,6,7,2542,51
1760871586.812109,6,27.714,30.054000,180.130000,7,7,2542,51
1760871587.812132,7,27.721,30.045000,210.175000,7,7,2542,51
1760871588.812085,8,27.756,28.204000,238.379000,6,7,2542,51
1760871589.812186,9,27.793,28.294000,266.673000,6,7,2542,52
1760871590.812196,10,27.870,28.603000,295.276000,6,7,2542,52
1760871591.812108,11,27.873,28.955000,324.231000,7,7,2542,52
1760871592.812109,12,27.939,29.215000,353.446000,7,7,2542,52
1760871593.812111,13,27.943,29.280000,382.726000,7,7,2542,52
1760871594.812338,14,27.918,29.543000,412.269000,6,7,2542,52
1760871595.812283,15,27.912,30.037000,442.306000,6,7,2542,52
1760871596.812109,16,27.965,30.170000,472.476000,6,6,2542,53
1760871597.812116,17,27.927,30.152000,502.628000,6,7,2542,53
1760871598.812109,18,27.982,30.411000,533.039000,7,7,2542,53
1760871599.812110,19,28.050,30.584000,563.623000,7,7,2542,53
1760871600.812424,20,28.105,30.804000,594.427000,7,7,2542,53
1760871601.812178,21,28.051,31.179000,625.606000,7,7,2542,53
1760871602.812086,22,28.048,31.164000,656.770000,6,7,2542,53
1760871603.812106,23,28.061,31.352000,688.122000,6,7,2542,53
1760871604.812104,24,28.098,31.724000,719.846000,6,7,2540,53
1760871605.812125,25,28.170,31.808000,751.654000,9,7,2540,54
1760871606.812228,26,28.094,32.014000,783.668000,7,7,2540,53
1760871607.812146,27,28.187,32.319000,815.987000,6,7,2540,54
1760871608.812086,28,28.201,32.320000,848.307000,6,7,2540,54
1760871609.812199,29,28.179,32.709000,881.016000,7,7,2540,54
1760871610.812109,30,28.224,32.987000,914.003000,7,7,2536,54
1760871611.812490,31,28.408,33.206000,947.209000,7,7,2536,54
1760871612.812107,32,28.390,33.582000,980.791000,7,7,2536,54
1760871613.812136,33,28.338,33.630000,1014.421000,7,7,2536,54
1760871614.812100,34,28.216,33.757000,1048.178000,6,6,2536,54
1760871615.812107,35,28.295,33.903000,1082.081000,5,6,2536,54
1760871616.812108,36,28.309,34.127000,1116.208000,5,6,2536,54
1760871617.812537,37,28.314,34.260000,1150.468000,6,7,2536,54
1760871618.812145,38,28.368,34.739000,1185.207000,7,7,2536,55
1760871619.812106,39,28.347,34.695000,1219.902000,7,7,2536,55
1760871620.812449,40,28.361,34.570000,1254.472000,7,7,2536,55
1760871621.812160,41,28.376,30.979000,1285.451000,7,7,2536,55
1760871622.812103,42,28.439,32.325000,1317.776000,7,7,2536,55
1760871623.812086,43,28.485,32.249000,1350.025000,7,7,2536,55
1760871624.812100,44,28.421,31.167000,1381.192000,7,7,2536,55
1760871625.812129,45,28.447,31.159000,1412.351000,6,7,2536,55
1760871626.812108,46,28.402,31.163000,1443.514000,6,6,2536,55
1760871627.812095,47,28.421,31.247000,1474.761000,5,6,2536,55
1760871628.812103,48,28.386,31.280000,1506.041000,5,6,2536,55
1760871629.812210,49,28.437,31.153000,1537.194000,6,7,2536,55
1760871630.812111,50,28.457,31.248000,1568.442000,7,7,2536,55
1760871631.812109,51,28.509,32.417000,1600.859000,7,7,2536,55
1760871632.812086,52,28.531,31.199000,1632.058000,7,7,2536,55
1760871633.812112,53,28.522,31.117000,1663.175000,7,7,2536,55
1760871634.812085,54,28.506,31.341000,1694.516000,7,7,2536,55
1760871635.812087,55,28.536,31.584000,1726.100000,7,7,2536,55
1760871636.812085,56,28.539,31.562000,1757.662000,7,7,2536,55
1760871637.812107,57,28.460,31.906000,1789.568000,5,6,2536,55
1760871638.812098,58,28.403,32.535000,1822.103000,5,6,2536,55
1760871639.812105,59,28.413,32.068000,1854.171000,5,6,2536,55
1760871640.812085,60,28.458,32.487000,1886.658000,7,7,2536,55
1760871641.812090,61,28.514,32.413000,1919.071000,7,7,2536,55
1760871642.812481,62,28.464,32.613000,1951.684000,7,7,2536,55
1760871643.812092,63,28.490,32.948000,1984.632000,7,7,2536,55
1760871644.812284,64,28.443,33.077000,2017.709000,7,7,2536,55
1760871645.812090,65,28.462,33.257000,2050.966000,7,7,2536,56
1760871646.812091,66,28.530,33.376000,2084.342000,7,7,2536,55
1760871647.812089,67,28.563,33.540000,2117.882000,7,7,2536,55
1760871648.812105,68,28.537,33.653000,2151.535000,7,7,2536,55
1760871649.812110,69,28.421,33.979000,2185.514000,6,6,2536,56
1760871650.812107,70,28.456,34.234000,2219.748000,5,6,2536,56
1760871651.812101,71,28.509,34.318000,2254.066000,6,7,2536,56
1760871652.812084,72,28.433,34.488000,2288.554000,6,7,2536,56
1760871653.812190,73,28.422,34.505000,2323.059000,7,7,2536,55
1760871654.812824,74,28.454,34.803000,2357.862000,7,7,2536,56
1760871655.812102,75,28.486,35.656000,2393.518000,6,7,2536,56
1760871656.812104,76,28.522,35.379000,2428.897000,6,7,2536,56
1760871657.812101,77,28.531,35.579000,2464.476000,7,7,2536,55
1760871658.812090,78,28.592,35.657000,2500.133000,7,7,2536,56
1760871659.812087,79,28.582,35.966000,2536.099000,7,7,2536,56
1760871660.812097,80,28.566,36.108000,2572.207000,7,7,2536,56
1760871661.812085,81,28.504,36.186000,2608.393000,6,7,2536,56
1760871662.812140,82,28.527,36.036000,2644.429000,6,6,2536,56
1760871663.812088,83,27.546,34.128000,2678.557000,4,5,2536,56
1760871664.812136,84,25.747,35.195000,2713.752000,6,7,2536,56
1760871665.812192,85,27.506,35.039000,2748.791000,5,6,2536,56
1760871666.812209,86,26.591,36.045000,2784.836000,5,6,2536,56
1760871667.812112,87,26.749,35.463000,2820.299000,4,5,2536,56
1760871668.812104,88,26.814,35.917000,2856.216000,4,5,2536,56
1760871669.812128,89,26.487,35.565000,2891.781000,4,5,2536,56
1760871670.812112,90,26.235,35.655000,2927.436000,4,4,2536,56
1760871671.812109,91,26.355,36.074000,2963.510000,3,4,2646,55
1760871672.812138,92,26.282,35.839000,2999.349000,3,5,2646,56
1760871673.812320,93,26.065,35.973000,3035.322000,3,5,2646,55
1760871674.812087,94,26.103,36.732000,3072.054000,4,5,2036,55
1760871675.812519,95,26.448,36.852000,3108.906000,8,6,2078,56
1760871676.812087,96,26.110,37.387000,3146.293000,6,6,2646,56
1760871677.812136,97,27.127,37.877000,3184.170000,10,7,2078,56
1760871678.812106,98,27.225,38.444000,3222.614000,9,7,1400,56
1760871679.812088,99,27.764,39.510000,3262.124000,6,6,1985,56
1760871680.812105,100,29.560,31.920000,3294.044000,7,7,2536,56
1760871681.812112,101,28.695,31.364000,3325.408000,7,7,2536,56
1760871682.812103,102,28.718,31.365000,3356.773000,7,7,2536,56
1760871683.812114,103,28.612,31.253000,3388.026000,7,7,2536,56
1760871684.812086,104,28.539,31.329000,3419.355000,6,6,2536,56
1760871685.812087,105,28.622,31.360000,3450.715000,7,7,2536,56
1760871686.812110,106,28.649,31.361000,3482.076000,7,7,2536,56
1760871687.812122,107,28.677,31.430000,3513.506000,6,7,2536,56
1760871688.812086,108,28.681,31.283000,3544.789000,7,7,2536,56
1760871689.812098,109,28.563,31.478000,3576.267000,6,6,2536,56
1760871690.812514,110,28.660,31.438000,3607.705000,6,6,2536,56
1760871691.812084,111,28.668,31.426000,3639.131000,6,6,2536,56
1760871692.812107,112,28.593,31.296000,3670.427000,7,7,2536,56
1760871693.812408,113,28.600,31.307000,3701.734000,6,7,2536,56
1760871694.812112,114,28.599,31.850000,3733.584000,7,7,2536,56
1760871695.812112,115,28.573,31.719000,3765.303000,6,6,2536,56
1760871696.812204,116,28.568,32.257000,3797.560000,5,6,2536,56
1760871697.812108,117,28.632,32.355000,3829.915000,7,7,2536,56
1760871698.812152,118,28.723,32.416000,3862.331000,7,7,2536,56
1760871699.812105,119,28.645,32.706000,3895.037000,7,7,2536,56
1760871700.812112,120,29.021,33.185000,3928.222000,7,7,2560,57
1760871701.812112,121,28.866,33.214000,3961.436000,6,6,2571,57
1760871702.812112,122,28.805,33.443000,3994.879000,6,7,2570,57
1760871703.812086,123,28.741,33.358000,4028.237000,7,7,2569,56
1760871704.812195,124,28.643,33.417000,4061.654000,7,7,2569,57
1760871705.812147,125,28.669,33.531000,4095.185000,6,6,2569,57
1760871706.812226,126,28.692,33.793000,4128.978000,6,6,2542,57
1760871707.812201,127,28.745,33.917000,4162.895000,6,6,2542,57
1760871708.812155,128,28.672,34.009000,4196.904000,6,6,2542,56
1760871709.812086,129,28.614,34.396000,4231.300000,7,7,2542,57
1760871710.812087,130,28.711,34.428000,4265.728000,7,7,2542,57
1760871711.812146,131,28.679,34.569000,4300.297000,6,7,2542,57
1760871712.812149,132,28.664,34.885000,4335.182000,6,6,2542,57
1760871713.812114,133,28.669,34.957000,4370.139000,7,7,2542,57
1760871714.812104,134,28.674,35.182000,4405.321000,7,7,2542,57
1760871715.812377,135,28.645,35.314000,4440.635000,5,6,2542,57
1760871716.812106,136,28.633,35.617000,4476.252000,6,6,2542,57
1760871717.812130,137,28.725,35.887000,4512.139000,7,7,2542,57
1760871718.812093,138,28.752,36.045000,4548.184000,7,7,2542,57
1760871719.812099,139,28.679,36.097000,4584.281000,7,7,2542,57
1760871720.812100,140,28.679,36.255000,4620.536000,6,6,2542,57
1760871721.812104,141,28.712,36.543000,4657.079000,6,6,2542,57
1760871722.812096,142,28.768,36.801000,4693.880000,6,7,2542,57
1760871723.812108,143,28.713,36.926000,4730.806000,7,7,2542,57
1760871724.812102,144,28.636,37.012000,4767.818000,7,6,2542,57
1760871725.812086,145,28.669,37.228000,4805.046000,6,7,2542,57
1760871726.812105,146,28.720,37.329000,4842.375000,6,7,2542,57
1760871727.812111,147,28.630,37.596000,4879.971000,6,6,2542,57
1760871728.812110,148,28.704,37.874000,4917.845000,7,7,2542,57
1760871729.812137,149,28.693,38.126000,4955.971000,7,7,2542,57
1760871730.812177,150,28.758,38.365000,4994.336000,7,7,2542,57
1760871731.812108,151,28.664,38.780000,5033.116000,6,6,2542,57
1760871732.812120,152,28.715,38.886000,5072.002000,7,7,2542,57
1760871733.812109,153,28.736,38.890000,5110.892000,7,7,2542,57
1760871734.812226,154,28.739,39.017000,5149.909000,6,7,2542,57
1760871735.812142,155,28.728,39.154000,5189.063000,7,7,2542,57
1760871736.812189,156,28.652,39.322000,5228.385000,6,6,2542,57
1760871737.812089,157,28.707,39.562000,5267.947000,6,6,2542,57
1760871738.812100,158,28.705,39.631000,5307.578000,6,6,2542,57
1760871739.812131,159,28.740,39.929000,5347.507000,7,7,2542,57
1760871740.812108,160,28.750,31.541000,5379.048000,7,7,2542,57
1760871741.812085,161,28.753,31.561000,5410.609000,6,6,2542,57
1760871742.812085,162,28.719,31.431000,5442.040000,6,6,2542,57
1760871743.812206,163,28.716,31.393000,5473.433000,6,6,2542,57
1760871744.812107,164,28.707,31.462000,5504.895000,7,7,2542,57
1760871745.812376,165,28.790,31.514000,5536.409000,7,7,2542,57
1760871746.812106,166,28.753,31.596000,5568.005000,7,7,2542,57
1760871747.812109,167,28.719,31.518000,5599.523000,6,6,2542,57
1760871748.812107,168,28.775,31.547000,5631.070000,6,7,2542,57
1760871749.812108,169,28.799,31.513000,5662.583000,7,7,2542,57
1760871750.812105,170,28.761,31.478000,5694.061000,7,7,2542,57
1760871751.812098,171,28.715,31.374000,5725.435000,7,7,2542,57
1760871752.812135,172,28.689,31.458000,5756.893000,6,6,2542,57
1760871753.812149,173,28.700,31.711000,5788.604000,6,6,2542,57
1760871754.812097,174,28.731,31.830000,5820.434000,6,6,2542,57
1760871755.812107,175,28.753,32.040000,5852.474000,7,7,2542,57
1760871756.812089,176,28.777,32.432000,5884.906000,6,7,2542,57
1760871757.812171,177,28.741,32.013000,5916.919000,7,7,2542,57
1760871758.812411,178,27.766,31.208000,5948.127000,5,5,2542,57
1760871759.812144,179,26.835,30.779000,5978.906000,6,6,2542,57
1760871760.812090,180,27.614,32.531000,6011.437000,5,5,2542,57
1760871761.812110,181,29.193,32.913000,6044.350000,11,9,2542,57
1760871762.812244,182,26.819,31.073000,6075.423000,5,6,2542,57
1760871763.812155,183,27.250,32.112000,6107.535000,5,6,2542,57
1760871764.812108,184,27.522,31.516000,6139.051000,5,5,2542,57
