ts,t_rel_s,power_w,energy_j_this_sec,energy_j_total,gpu_util_percent,mem_util_percent,mem_used_MiB,temp_c
1760858163.261793,0,21.090,0.000000,0.000000,0,0,1417,48
1760858164.261801,1,28.228,37.632000,37.632000,13,11,1985,49
1760858165.261770,2,28.101,36.896000,74.528000,6,7,2553,50
1760858166.261792,3,27.992,36.395000,110.923000,5,6,2553,50
1760858167.261800,4,27.593,36.795000,147.718000,6,6,2553,50
1760858168.261791,5,27.622,36.906000,184.624000,6,6,2543,50
1760858169.261786,6,27.636,37.144000,221.768000,7,7,2543,50
1760858170.261786,7,27.681,37.377000,259.145000,7,7,2543,50
1760858171.261792,8,27.742,37.521000,296.666000,6,7,2543,51
1760858172.261795,9,27.751,37.762000,334.428000,7,7,2543,51
1760858173.261799,10,27.705,37.981000,372.409000,6,7,2543,51
1760858174.261800,11,27.762,38.172000,410.581000,6,7,2543,51
1760858175.261772,12,27.843,38.478000,449.059000,7,7,2543,51
1760858176.261770,13,27.832,38.518000,487.577000,6,7,2543,52
1760858177.261786,14,27.761,38.694000,526.271000,6,7,2543,52
1760858178.261795,15,27.886,39.084000,565.355000,7,7,2543,52
1760858179.261795,16,27.952,30.707000,596.062000,6,7,2543,52
1760858180.261769,17,27.945,30.671000,626.733000,7,7,2543,52
1760858181.261868,18,27.975,30.747000,657.480000,7,7,2543,52
1760858182.261792,19,28.078,30.738000,688.218000,7,7,2543,52
1760858183.261793,20,28.048,30.694000,718.912000,7,7,2543,52
1760858184.261814,21,28.018,30.743000,749.655000,7,7,2543,53
1760858185.261769,22,27.989,30.780000,780.435000,6,6,2543,53
1760858186.261841,23,28.027,30.854000,811.289000,5,6,2543,53
1760858187.261775,24,28.057,30.809000,842.098000,5,6,2543,53
1760858188.261871,25,28.029,30.931000,873.029000,6,6,2543,53
1760858189.261812,26,28.124,30.895000,903.924000,7,7,2543,53
1760858190.262118,27,28.225,30.938000,934.862000,7,7,2543,53
1760858191.261863,28,28.169,30.967000,965.829000,7,7,2543,53
1760858192.261794,29,28.120,31.063000,996.892000,7,7,2543,53
1760858193.261775,30,28.168,31.112000,1028.004000,6,6,2543,53
1760858194.261879,31,28.234,31.411000,1059.415000,6,7,2543,54
1760858195.261851,32,28.220,31.878000,1091.293000,7,7,2543,54
1760858196.261805,33,28.251,31.933000,1123.226000,6,6,2543,54
1760858197.261811,34,28.203,32.145000,1155.371000,7,7,2543,54
1760858198.261860,35,28.245,32.319000,1187.690000,6,7,2543,54
1760858199.262177,36,28.271,32.432000,1220.122000,6,6,2543,54
1760858200.261811,37,28.322,32.816000,1252.938000,6,7,2543,54
1760858201.261774,38,28.324,32.877000,1285.815000,7,7,2543,54
1760858202.261800,39,28.365,33.045000,1318.860000,7,7,2543,54
1760858203.261904,40,28.219,33.037000,1351.897000,7,7,2543,54
1760858204.261795,41,28.295,33.113000,1385.010000,6,7,2543,54
1760858205.261770,42,28.309,33.505000,1418.515000,5,6,2543,54
1760858206.261773,43,28.371,33.568000,1452.083000,6,6,2543,54
1760858207.261816,44,28.331,33.605000,1485.688000,6,6,2543,54
1760858208.261823,45,28.285,33.963000,1519.651000,7,7,2543,54
1760858209.261816,46,28.373,34.223000,1553.874000,6,7,2543,54
1760858210.261796,47,28.407,34.645000,1588.519000,7,7,2543,54
1760858211.261771,48,28.392,34.671000,1623.190000,7,7,2543,54
1760858212.262149,49,28.388,34.640000,1657.830000,7,7,2543,54
1760858213.261819,50,28.369,35.191000,1693.021000,7,7,2543,55
1760858214.261780,51,28.454,35.286000,1728.307000,7,7,2543,55
1760858215.261769,52,28.430,35.285000,1763.592000,7,7,2543,55
1760858216.261768,53,28.380,35.537000,1799.129000,6,7,2543,55
1760858217.261785,54,28.382,35.697000,1834.826000,5,6,2543,55
1760858218.261873,55,28.418,35.998000,1870.824000,6,6,2543,55
1760858219.261770,56,28.461,36.169000,1906.993000,6,7,2543,55
1760858220.262162,57,28.393,36.294000,1943.287000,7,7,2543,55
1760858221.262112,58,28.498,36.790000,1980.077000,6,7,2543,55
1760858222.261791,59,28.460,36.901000,2016.978000,7,7,2543,55
1760858223.261793,60,28.437,36.985000,2053.963000,7,7,2543,55
1760858224.261800,61,28.485,37.255000,2091.218000,7,7,2543,55
1760858225.261856,62,28.609,37.369000,2128.587000,7,7,2543,55
1760858226.261791,63,28.633,37.636000,2166.223000,7,7,2543,55
1760858227.261792,64,28.552,37.711000,2203.934000,7,7,2543,55
1760858228.261791,65,28.451,38.025000,2241.959000,6,6,2543,55
1760858229.261769,66,28.544,38.432000,2280.391000,5,6,2543,55
1760858230.261810,67,28.563,38.737000,2319.128000,6,7,2543,55
1760858231.261795,68,28.459,38.678000,2357.806000,6,6,2543,55
1760858232.261771,69,28.473,38.690000,2396.496000,7,7,2543,55
1760858233.261864,70,28.499,38.887000,2435.383000,6,7,2543,55
1760858234.261790,71,28.525,39.191000,2474.574000,6,7,2543,55
1760858235.261878,72,28.540,39.344000,2513.918000,6,7,2543,55
1760858236.261813,73,28.587,39.558000,2553.476000,7,7,2543,55
1760858237.261770,74,28.612,39.660000,2593.136000,7,7,2543,55
1760858238.261817,75,28.538,31.204000,2624.340000,7,7,2543,55
1760858239.262189,76,28.525,31.307000,2655.647000,6,7,2543,55
1760858240.261834,77,28.548,31.276000,2686.923000,6,6,2543,55
1760858241.261802,78,28.527,31.448000,2718.371000,6,6,2543,55
1760858242.261830,79,28.524,31.213000,2749.584000,7,7,2543,55
1760858243.261794,80,28.493,31.226000,2780.810000,6,7,2543,55
1760858244.261881,81,28.498,31.299000,2812.109000,6,6,2543,55
1760858245.261934,82,28.447,30.945000,2843.054000,6,6,2543,55
1760858246.261792,83,27.475,30.006000,2873.060000,5,6,2543,55
1760858247.261785,84,26.564,29.454000,2902.514000,5,6,2543,55
1760858248.261792,85,27.460,29.943000,2932.457000,6,6,2543,55
1760858249.261770,86,26.402,29.113000,2961.570000,5,6,2543,55
1760858250.261786,87,26.756,29.414000,2990.984000,4,5,2543,55
1760858251.261789,88,26.707,29.458000,3020.442000,4,5,2543,55
1760858252.261786,89,26.353,29.237000,3049.679000,4,5,2543,55
1760858253.261788,90,26.294,29.466000,3079.145000,4,5,2543,55
1760858254.261880,91,26.289,29.881000,3109.026000,4,5,2653,55
1760858255.261800,92,26.274,29.817000,3138.843000,3,5,2653,55
1760858256.261800,93,26.122,29.704000,3168.547000,3,5,2653,55
1760858257.261887,94,26.296,30.049000,3198.596000,3,4,1975,55
1760858258.261812,95,26.441,30.273000,3228.869000,4,5,2085,55
1760858259.261787,96,26.119,30.009000,3258.878000,3,5,2184,55
1760858260.261790,97,27.065,31.861000,3290.739000,5,5,2085,56
1760858261.261771,98,27.839,33.247000,3323.986000,6,6,1975,56
1760858262.261789,99,28.896,33.694000,3357.680000,7,7,2543,56
1760858263.261786,100,28.938,33.392000,3391.072000,7,7,2543,56
1760858264.261871,101,28.554,33.559000,3424.631000,7,7,2543,56
1760858265.261796,102,28.496,33.646000,3458.277000,7,7,2543,56
1760858266.261870,103,28.514,34.080000,3492.357000,6,7,2543,56
1760858267.261780,104,28.510,34.140000,3526.497000,7,7,2543,56
1760858268.261790,105,28.510,34.297000,3560.794000,7,7,2543,56
1760858269.261792,106,28.513,34.419000,3595.213000,7,7,2543,56
1760858270.261772,107,28.474,34.632000,3629.845000,6,7,2543,55
1760858271.261791,108,28.448,34.812000,3664.657000,6,6,2543,56
1760858272.261786,109,28.460,35.014000,3699.671000,6,6,2543,56
1760858273.261770,110,28.464,35.312000,3734.983000,7,7,2543,55
1760858274.261876,111,28.513,35.427000,3770.410000,7,7,2543,56
1760858275.261770,112,28.553,35.821000,3806.231000,7,7,2543,56
1760858276.261804,113,28.551,35.782000,3842.013000,7,7,2543,55
1760858277.261791,114,28.488,35.914000,3877.927000,6,6,2543,56
1760858278.261790,115,28.507,36.273000,3914.200000,6,7,2543,56
1760858279.261796,116,28.566,36.452000,3950.652000,7,7,2543,56
1760858280.261866,117,28.526,36.575000,3987.227000,7,7,2543,56
1760858281.261791,118,28.498,36.797000,4024.024000,7,7,2543,56
1760858282.261770,119,28.839,37.430000,4061.454000,6,6,2563,56
1760858283.261792,120,28.955,37.397000,4098.851000,7,7,2563,56
1760858284.261789,121,28.663,37.477000,4136.328000,6,7,2562,56
1760858285.261770,122,28.515,37.451000,4173.779000,7,7,2561,56
1760858286.261789,123,28.572,37.705000,4211.484000,7,7,2561,56
1760858287.261798,124,28.567,37.946000,4249.430000,7,7,2561,56
1760858288.261792,125,28.563,38.129000,4287.559000,7,7,2542,56
1760858289.261791,126,28.531,38.338000,4325.897000,6,6,2542,56
1760858290.261791,127,28.535,38.522000,4364.419000,7,7,2542,56
1760858291.261790,128,28.535,38.737000,4403.156000,7,7,2542,56
1760858292.261792,129,28.597,38.798000,4441.954000,7,7,2542,56
1760858293.261792,130,28.473,39.036000,4480.990000,6,6,2542,56
1760858294.261795,131,28.543,39.371000,4520.361000,6,7,2542,56
1760858295.261772,132,28.587,39.410000,4559.771000,6,7,2542,56
1760858296.261873,133,28.587,39.659000,4599.430000,6,7,2542,56
1760858297.262072,134,28.551,31.251000,4630.681000,6,7,2542,56
1760858298.261785,135,28.604,31.337000,4662.018000,7,7,2542,56
1760858299.261803,136,28.578,31.354000,4693.372000,7,7,2542,56
1760858300.261792,137,28.568,31.275000,4724.647000,6,7,2542,56
1760858301.261791,138,28.614,31.318000,4755.965000,7,7,2542,56
1760858302.261796,139,28.594,31.278000,4787.243000,7,7,2542,56
1760858303.261786,140,28.594,31.351000,4818.594000,7,7,2542,56
1760858304.262066,141,28.598,31.357000,4849.951000,7,7,2542,56
1760858305.261790,142,28.588,31.378000,4881.329000,7,7,2542,56
1760858306.261796,143,28.562,31.355000,4912.684000,6,7,2542,56
1760858307.261777,144,28.619,31.337000,4944.021000,6,7,2542,56
1760858308.261872,145,28.603,31.313000,4975.334000,7,7,2542,56
1760858309.261930,146,28.555,31.360000,5006.694000,6,7,2542,56
1760858310.262012,147,28.469,31.375000,5038.069000,6,6,2542,56
1760858311.261886,148,28.597,31.749000,5069.818000,6,6,2542,56
1760858312.261805,149,28.634,31.840000,5101.658000,6,6,2542,56
1760858313.261898,150,28.605,31.820000,5133.478000,7,7,2542,56
1760858314.261925,151,28.570,32.237000,5165.715000,7,7,2542,56
1760858315.261868,152,28.618,32.283000,5197.998000,7,7,2542,56
1760858316.261769,153,28.562,32.287000,5230.285000,7,7,2542,56
1760858317.261770,154,28.587,32.369000,5262.654000,7,7,2542,56
1760858318.261792,155,28.599,32.603000,5295.257000,7,7,2540,56
1760858319.261801,156,28.704,32.936000,5328.193000,7,7,2540,56
1760858320.261771,157,28.565,33.021000,5361.214000,7,7,2540,56
1760858321.261788,158,28.598,33.202000,5394.416000,6,7,2540,56
1760858322.262183,159,28.599,33.364000,5427.780000,6,7,2540,56
1760858323.261791,160,28.561,33.773000,5461.553000,7,7,2540,56
1760858324.261792,161,28.534,33.687000,5495.240000,7,7,2540,56
1760858325.261793,162,28.514,33.979000,5529.219000,6,7,2540,56
1760858326.261771,163,28.621,34.245000,5563.464000,6,7,2540,56
1760858327.261784,164,28.622,34.298000,5597.762000,7,7,2540,56
1760858328.261827,165,28.568,34.475000,5632.237000,6,7,2540,56
1760858329.261900,166,28.627,34.911000,5667.148000,7,7,2540,56
1760858330.261791,167,28.597,34.942000,5702.090000,7,7,2540,56
1760858331.261789,168,28.590,35.153000,5737.243000,7,7,2540,56
1760858332.261786,169,28.597,35.407000,5772.650000,6,6,2540,56
1760858333.261874,170,28.565,35.431000,5808.081000,7,7,2540,56
1760858334.261788,171,28.656,35.708000,5843.789000,7,7,2540,56
1760858335.261782,172,28.653,35.881000,5879.670000,7,7,2540,56
1760858336.261801,173,28.596,36.035000,5915.705000,7,7,2540,56
1760858337.261770,174,28.616,36.187000,5951.892000,6,6,2540,56
1760858338.261784,175,28.618,36.434000,5988.326000,7,7,2540,56
1760858339.262114,176,28.607,36.602000,6024.928000,7,7,2540,56
1760858340.261793,177,28.543,36.931000,6061.859000,6,6,2540,56
1760858341.261801,178,28.650,37.063000,6098.922000,6,6,2540,56
1760858342.261768,179,28.297,36.539000,6135.461000,7,7,2540,56
1760858343.261770,180,27.818,37.060000,6172.521000,12,10,2536,56
1760858344.261790,181,29.072,37.591000,6210.112000,13,10,2536,56
1760858345.261788,182,26.726,35.710000,6245.822000,5,6,2536,56
1760858346.262143,183,26.786,35.856000,6281.678000,5,5,2536,56
1760858347.261785,184,26.374,36.590000,6318.268000,4,5,2536,56
