ts,t_rel_s,power_w,energy_j_this_sec,energy_j_total,gpu_util_percent,mem_util_percent,mem_used_MiB,temp_c
1760263980.538069,0,26.327,0.000000,0.000000,7,8,1211,50
1760263981.537855,1,29.827,40.461000,40.461000,7,8,1509,51
1760263982.537861,2,29.416,39.388000,79.849000,8,8,1912,51
1760263983.537876,3,29.811,39.947000,119.796000,8,8,2318,52
1760263984.538152,4,29.483,40.037000,159.833000,7,8,2429,52
1760263985.538322,5,29.581,40.206000,200.039000,6,8,2429,52
1760263986.537976,6,29.890,40.830000,240.869000,7,8,2429,52
1760263987.538321,7,29.836,40.765000,281.634000,6,8,2429,52
1760263988.538025,8,29.623,32.429000,314.063000,6,8,2429,52
1760263989.537971,9,29.602,32.319000,346.382000,7,8,2429,52
1760263990.538359,10,29.296,31.913000,378.295000,6,8,2429,52
1760263991.537855,11,29.154,32.062000,410.357000,7,8,2429,52
1760263992.538000,12,29.021,31.670000,442.027000,6,8,2429,52
1760263993.537857,13,29.092,31.945000,473.972000,7,8,2429,52
1760263994.537898,14,29.310,32.099000,506.071000,7,8,2429,52
1760263995.537882,15,29.371,32.240000,538.311000,7,8,2429,52
1760263996.537856,16,29.442,32.228000,570.539000,7,8,2429,52
1760263997.538048,17,29.593,32.346000,602.885000,6,8,2429,53
1760263998.537857,18,29.678,32.453000,635.338000,7,8,2429,53
1760263999.538285,19,29.764,32.446000,667.784000,7,8,2429,53
1760264000.537896,20,29.810,32.685000,700.469000,7,8,2429,53
1760264001.538007,21,29.859,32.627000,733.096000,7,8,2429,53
1760264002.537856,22,29.776,32.547000,765.643000,6,8,2429,53
1760264003.537966,23,29.728,32.622000,798.265000,7,8,2429,53
1760264004.538150,24,29.677,32.746000,831.011000,6,8,2429,53
1760264005.537896,25,29.645,33.369000,864.380000,7,8,2429,53
1760264006.537992,26,29.579,33.128000,897.508000,7,8,2429,53
1760264007.538312,27,29.412,33.275000,930.783000,7,8,2429,53
1760264008.537983,28,29.244,33.092000,963.875000,7,8,2429,54
1760264009.537855,29,29.259,33.071000,996.946000,7,8,2429,54
1760264010.538000,30,29.334,33.179000,1030.125000,7,8,2429,54
1760264011.538086,31,29.344,33.474000,1063.599000,7,8,2429,54
1760264012.537961,32,29.407,33.841000,1097.440000,7,8,2429,54
1760264013.537853,33,29.405,34.021000,1131.461000,7,8,2429,54
1760264014.538016,34,29.347,33.969000,1165.430000,6,8,2429,54
1760264015.538006,35,29.404,34.447000,1199.877000,7,8,2429,54
1760264016.537989,36,29.499,34.652000,1234.529000,7,8,2429,54
1760264017.537965,37,29.622,35.033000,1269.562000,6,8,2429,54
1760264018.538027,38,29.744,35.235000,1304.797000,7,8,2429,54
1760264019.537993,39,29.865,35.743000,1340.540000,7,8,2429,54
1760264020.537974,40,30.123,35.994000,1376.534000,8,8,2429,54
1760264021.538166,41,30.351,36.588000,1413.122000,7,8,2429,54
1760264022.538079,42,30.372,37.038000,1450.160000,6,8,2429,54
1760264023.537881,43,30.544,37.150000,1487.310000,7,8,2429,54
1760264024.538199,44,30.258,36.908000,1524.218000,6,8,2429,54
1760264025.538017,45,29.958,37.009000,1561.227000,7,8,2429,54
1760264026.537854,46,30.009,37.047000,1598.274000,6,8,2429,54
1760264027.538032,47,30.133,37.268000,1635.542000,6,8,2429,55
1760264028.538300,48,30.297,37.727000,1673.269000,6,8,2429,55
1760264029.538333,49,30.392,38.195000,1711.464000,6,8,2429,55
1760264030.538064,50,30.425,38.407000,1749.871000,6,8,2429,55
1760264031.537862,51,30.401,38.322000,1788.193000,7,8,2429,55
1760264032.537884,52,30.340,38.435000,1826.628000,6,8,2429,55
1760264033.538068,53,30.287,38.519000,1865.147000,7,8,2429,55
1760264034.538123,54,30.395,39.030000,1904.177000,6,8,2429,55
1760264035.537987,55,30.393,39.234000,1943.411000,7,8,2429,55
1760264036.537980,56,30.293,39.264000,1982.675000,7,8,2429,55
1760264037.538206,57,30.223,39.363000,2022.038000,6,8,2429,55
1760264038.538004,58,30.134,39.573000,2061.611000,6,8,2429,55
1760264039.538003,59,30.124,39.669000,2101.280000,7,8,2429,55
1760264040.537953,60,30.101,39.925000,2141.205000,7,8,2429,55
1760264041.537992,61,30.027,39.845000,2181.050000,6,7,2429,55
1760264042.537989,62,30.038,40.214000,2221.264000,7,8,2429,55
1760264043.537964,63,30.211,40.492000,2261.756000,7,8,2429,55
1760264044.538157,64,30.267,40.631000,2302.387000,7,8,2429,55
1760264045.537855,65,30.117,40.778000,2343.165000,6,8,2429,55
1760264046.537999,66,29.990,40.629000,2383.794000,7,8,2429,55
1760264047.537874,67,29.942,41.107000,2424.901000,7,8,2429,55
1760264048.537896,68,29.810,40.954000,2465.855000,7,8,2429,55
1760264049.537949,69,29.832,32.578000,2498.433000,6,8,2429,55
1760264050.537992,70,30.036,32.880000,2531.313000,7,8,2429,55
1760264051.537966,71,30.058,32.845000,2564.158000,6,8,2429,55
1760264052.537984,72,30.280,33.138000,2597.296000,7,8,2429,55
1760264053.537963,73,30.407,33.163000,2630.459000,7,8,2429,55
1760264054.538287,74,30.562,33.465000,2663.924000,6,8,2429,55
1760264055.537949,75,30.526,33.370000,2697.294000,7,8,2429,55
1760264056.537853,76,30.475,33.298000,2730.592000,6,8,2429,55
1760264057.538279,77,30.373,33.277000,2763.869000,7,8,2429,55
1760264058.538040,78,30.295,33.077000,2796.946000,7,8,2429,55
1760264059.538132,79,30.167,32.961000,2829.907000,6,8,2429,55
1760264060.538002,80,30.145,32.935000,2862.842000,7,8,2429,55
1760264061.538044,81,30.166,33.031000,2895.873000,7,8,2429,55
1760264062.537976,82,30.195,32.977000,2928.850000,6,8,2429,55
1760264063.538117,83,30.120,33.176000,2962.026000,7,8,2429,55
1760264064.538318,84,30.157,33.471000,2995.497000,6,8,2429,55
1760264065.537869,85,30.295,33.976000,3029.473000,7,8,2429,55
1760264066.537857,86,30.401,34.108000,3063.581000,7,8,2429,55
1760264067.537854,87,30.464,34.211000,3097.792000,7,8,2429,55
1760264068.537906,88,30.381,33.942000,3131.734000,6,8,2539,55
1760264069.537987,89,30.566,34.532000,3166.266000,7,8,2133,56
1760264070.537971,90,30.930,35.080000,3201.346000,7,8,1617,56
1760264071.537881,91,31.065,35.159000,3236.505000,6,7,2023,56
1760264072.538005,92,30.474,34.897000,3271.402000,6,8,2023,56
1760264073.537872,93,30.402,34.911000,3306.313000,7,8,2023,56
1760264074.537858,94,30.379,35.161000,3341.474000,7,8,2429,56
1760264075.537894,95,29.805,34.780000,3376.254000,6,8,2429,56
1760264076.537989,96,29.879,35.110000,3411.364000,6,8,2429,56
1760264077.537991,97,29.925,35.554000,3446.918000,7,8,2429,56
1760264078.538025,98,29.924,35.573000,3482.491000,7,8,2429,56
1760264079.537892,99,30.102,35.962000,3518.453000,6,7,2429,55
1760264080.537962,100,29.963,36.016000,3554.469000,6,8,2429,55
1760264081.537955,101,29.791,36.034000,3590.503000,7,8,2429,55
1760264082.537878,102,29.653,35.935000,3626.438000,7,8,2429,55
1760264083.537871,103,29.554,36.040000,3662.478000,7,8,2429,55
1760264084.538009,104,29.623,36.451000,3698.929000,6,8,2429,55
1760264085.537881,105,29.617,36.718000,3735.647000,7,8,2429,55
1760264086.537856,106,29.588,36.627000,3772.274000,7,8,2429,55
1760264087.537857,107,29.597,36.761000,3809.035000,7,8,2429,55
1760264088.538059,108,29.825,37.213000,3846.248000,6,7,2429,55
1760264089.537855,109,30.083,37.847000,3884.095000,7,8,2429,55
1760264090.537962,110,30.216,38.008000,3922.103000,7,8,2429,55
1760264091.537856,111,30.148,38.132000,3960.235000,6,8,2429,55
1760264092.537983,112,30.272,38.520000,3998.755000,7,8,2429,55
1760264093.538125,113,30.196,38.587000,4037.342000,7,8,2429,55
1760264094.537883,114,30.175,38.786000,4076.128000,6,8,2429,55
1760264095.537877,115,30.200,38.985000,4115.113000,7,8,2429,56
1760264096.537988,116,30.089,39.093000,4154.206000,6,7,2429,55
1760264097.537969,117,30.023,39.288000,4193.494000,7,8,2429,55
1760264098.537895,118,29.980,39.495000,4232.989000,6,7,2429,55
1760264099.538102,119,30.057,39.607000,4272.596000,7,8,2429,56
1760264100.538608,120,29.939,39.811000,4312.407000,7,8,2429,55
1760264101.538171,121,29.943,40.279000,4352.686000,6,7,2429,56
1760264102.537882,122,29.880,40.272000,4392.958000,6,8,2429,55
1760264103.537906,123,29.985,40.203000,4433.161000,6,8,2429,56
1760264104.538430,124,29.916,40.403000,4473.564000,7,8,2429,56
1760264105.537895,125,30.047,41.010000,4514.574000,7,8,2429,56
1760264106.537960,126,29.709,40.542000,4555.116000,7,8,2429,56
1760264107.538037,127,29.764,40.853000,4595.969000,7,8,2429,56
1760264108.537885,128,29.648,32.460000,4628.429000,7,8,2429,56
1760264109.538003,129,29.553,32.335000,4660.764000,7,8,2429,56
1760264110.537989,130,29.367,32.308000,4693.072000,6,8,2539,56
1760264111.537854,131,29.526,32.584000,4725.656000,8,8,2023,56
1760264112.537886,132,29.442,32.161000,4757.817000,6,8,2085,56
1760264113.538065,133,29.915,32.828000,4790.645000,10,9,1432,56
1760264114.537986,134,31.000,34.051000,4824.696000,9,9,1617,56
1760264115.537854,135,30.456,33.462000,4858.158000,6,8,2023,56
1760264116.537853,136,30.904,33.897000,4892.055000,7,8,2429,57
1760264117.537875,137,30.201,32.940000,4924.995000,7,8,2429,56
1760264118.537852,138,30.044,32.963000,4957.958000,6,7,2429,56
1760264119.537884,139,30.082,33.084000,4991.042000,6,7,2429,56
1760264120.537853,140,29.965,32.884000,5023.926000,6,7,2429,56
1760264121.537878,141,30.018,33.039000,5056.965000,6,8,2429,56
1760264122.537873,142,29.641,32.576000,5089.541000,6,8,2429,56
1760264123.538000,143,29.766,32.805000,5122.346000,6,8,2429,56
1760264124.538044,144,29.654,32.980000,5155.326000,7,8,2429,55
1760264125.537990,145,29.789,33.216000,5188.542000,7,8,2429,56
1760264126.538174,146,29.698,33.594000,5222.136000,6,8,2429,55
1760264127.538247,147,29.851,33.681000,5255.817000,6,8,2429,56
1760264128.538181,148,29.785,33.782000,5289.599000,7,8,2429,56
1760264129.538131,149,29.813,34.058000,5323.657000,6,8,2429,55
1760264130.538217,150,30.002,34.233000,5357.890000,6,7,2429,56
1760264131.537964,151,29.704,34.385000,5392.275000,6,7,2429,55
1760264132.538025,152,29.714,34.355000,5426.630000,6,8,2429,56
1760264133.537976,153,29.856,34.614000,5461.244000,6,8,2429,56
1760264134.538105,154,30.142,35.097000,5496.341000,6,7,2429,56
1760264135.538029,155,30.278,35.405000,5531.746000,7,8,2429,55
1760264136.538005,156,30.253,35.689000,5567.435000,7,8,2429,56
1760264137.537989,157,30.124,35.527000,5602.962000,7,8,2429,56
1760264138.537878,158,30.081,35.835000,5638.797000,7,8,2429,56
1760264139.537964,159,30.005,35.701000,5674.498000,6,8,2429,56
1760264140.538064,160,30.054,36.093000,5710.591000,6,8,2429,56
1760264141.537966,161,29.973,36.242000,5746.833000,7,8,2429,56
1760264142.537971,162,29.770,36.170000,5783.003000,7,8,2429,56
1760264143.537966,163,29.872,36.575000,5819.578000,7,8,2429,56
1760264144.538004,164,29.438,36.216000,5855.794000,6,8,2429,56
1760264145.537883,165,29.535,36.652000,5892.446000,6,8,2429,56
1760264146.537993,166,29.651,36.939000,5929.385000,7,8,2429,56
1760264147.537994,167,29.778,37.219000,5966.604000,6,8,2429,56
1760264148.538263,168,29.806,37.388000,6003.992000,7,8,2429,56
1760264149.537881,169,29.927,37.931000,6041.923000,6,7,2429,56
1760264150.537886,170,29.912,37.843000,6079.766000,6,8,2429,56
1760264151.537980,171,30.051,38.263000,6118.029000,7,8,2429,56
1760264152.537879,172,30.050,38.525000,6156.554000,6,8,2429,56
1760264153.537960,173,30.095,38.719000,6195.273000,7,8,2429,56
1760264154.537965,174,30.429,39.133000,6234.406000,7,8,2429,56
1760264155.538013,175,30.461,39.331000,6273.737000,6,8,2429,56
1760264156.537990,176,30.532,39.691000,6313.428000,7,8,2429,56
1760264157.537992,177,30.430,39.660000,6353.088000,7,8,2429,56
1760264158.538011,178,30.320,39.854000,6392.942000,7,8,2429,56
1760264159.537876,179,30.136,39.839000,6432.781000,7,8,2539,56
1760264160.537984,180,30.047,42.766000,6475.547000,6,7,2539,56
1760264161.537955,181,30.546,30.777000,6506.324000,7,8,2023,56
1760264162.537965,182,30.567,30.904000,6537.228000,6,8,2023,56
1760264163.537880,183,30.411,30.720000,6567.948000,7,8,2023,56
1760264164.538011,184,30.624,31.022000,6598.970000,7,8,2023,56
