ts,t_rel_s,power_w,energy_j_this_sec,energy_j_total,gpu_util_percent,mem_util_percent,mem_used_MiB,temp_c
1760399567.879073,0,19.060,0.000000,0.000000,7,10,1211,55
1760399568.879066,1,32.863,35.887000,35.887000,6,8,1617,56
1760399569.879018,2,33.730,44.458000,80.345000,7,8,2023,56
1760399570.879047,3,33.916,44.475000,124.820000,7,8,2429,56
1760399571.879046,4,33.955,44.946000,169.766000,7,8,2429,56
1760399572.879064,5,33.670,44.540000,214.306000,7,8,2429,57
1760399573.879030,6,33.723,36.612000,250.918000,7,9,2429,57
1760399574.879065,7,33.594,36.348000,287.266000,7,8,2429,57
1760399575.879039,8,33.532,36.257000,323.523000,7,8,2429,57
1760399576.879037,9,33.521,36.275000,359.798000,7,9,2429,57
1760399577.879035,10,33.471,36.173000,395.971000,6,8,2429,57
1760399578.879061,11,33.479,36.203000,432.174000,7,8,2429,58
1760399579.879037,12,33.632,36.433000,468.607000,6,8,2429,58
1760399580.879013,13,33.826,36.468000,505.075000,7,9,2429,58
1760399581.879061,14,33.957,36.845000,541.920000,8,9,2429,58
1760399582.879018,15,33.991,36.763000,578.683000,7,8,2429,58
1760399583.879040,16,34.110,37.148000,615.831000,6,8,2429,58
1760399584.879064,17,34.193,36.917000,652.748000,6,8,2429,58
1760399585.879062,18,34.202,36.919000,689.667000,7,8,2429,59
1760399586.879063,19,34.274,37.229000,726.896000,7,8,2429,59
1760399587.879114,20,34.359,37.069000,763.965000,7,8,2429,59
1760399588.879060,21,34.209,37.139000,801.104000,7,9,2429,59
1760399589.879036,22,34.071,37.026000,838.130000,8,9,2429,59
1760399590.879035,23,34.123,37.393000,875.523000,7,8,2429,59
1760399591.879066,24,33.926,37.088000,912.611000,5,8,2429,59
1760399592.879064,25,33.948,37.578000,950.189000,6,8,2429,60
1760399593.879062,26,33.786,37.544000,987.733000,6,8,2429,60
1760399594.879037,27,33.853,37.556000,1025.289000,6,8,2429,60
1760399595.879064,28,34.097,38.004000,1063.293000,7,9,2429,60
1760399596.879064,29,33.989,38.038000,1101.331000,6,8,2429,60
1760399597.879061,30,34.143,38.375000,1139.706000,6,8,2429,60
1760399598.879061,31,34.109,38.445000,1178.151000,6,8,2429,60
1760399599.879062,32,34.110,38.579000,1216.730000,7,8,2429,61
1760399600.879065,33,34.282,39.167000,1255.897000,7,9,2429,61
1760399601.879035,34,34.446,39.323000,1295.220000,7,9,2429,61
1760399602.879062,35,35.125,40.115000,1335.335000,7,9,2429,61
1760399603.879035,36,35.055,40.192000,1375.527000,6,8,2429,61
1760399604.879062,37,34.843,40.299000,1415.826000,7,8,2429,61
1760399605.879062,38,35.080,40.654000,1456.480000,6,8,2429,62
1760399606.879035,39,35.377,41.109000,1497.589000,7,8,2429,62
1760399607.879014,40,35.155,40.961000,1538.550000,6,8,2429,62
1760399608.879069,41,35.157,41.196000,1579.746000,6,8,2429,62
1760399609.879012,42,35.082,41.317000,1621.063000,6,8,2429,62
1760399610.879061,43,34.990,41.400000,1662.463000,7,8,2429,62
1760399611.879059,44,35.351,41.969000,1704.432000,7,9,2429,62
1760399612.879030,45,35.310,42.135000,1746.567000,6,8,2429,62
1760399613.879062,46,35.530,42.314000,1788.881000,6,8,2429,62
1760399614.879064,47,35.370,42.525000,1831.406000,7,9,2429,62
1760399615.879012,48,35.365,42.769000,1874.175000,7,8,2429,61
1760399616.879060,49,35.199,42.784000,1916.959000,7,8,2429,61
1760399617.879063,50,35.166,42.875000,1959.834000,7,9,2429,61
1760399618.879015,51,35.211,43.110000,2002.944000,7,8,2429,61
1760399619.879065,52,34.978,43.203000,2046.147000,7,9,2429,61
1760399620.879034,53,35.030,43.345000,2089.492000,8,9,2429,61
1760399621.879016,54,34.835,46.469000,2135.961000,7,9,2429,61
1760399622.879063,55,34.570,34.768000,2170.729000,6,8,2429,60
1760399623.879065,56,34.759,34.973000,2205.702000,6,8,2429,61
1760399624.879063,57,34.601,34.795000,2240.497000,6,8,2429,60
1760399625.879063,58,34.679,35.137000,2275.634000,6,8,2429,60
1760399626.879029,59,34.489,35.046000,2310.680000,7,8,2429,60
1760399627.879086,60,34.723,35.445000,2346.125000,7,8,2429,60
1760399628.879039,61,34.576,35.556000,2381.681000,6,8,2429,60
1760399629.879061,62,34.497,35.699000,2417.380000,6,8,2429,60
1760399630.879061,63,34.502,35.882000,2453.262000,6,8,2429,60
1760399631.879030,64,34.480,36.039000,2489.301000,6,8,2429,60
1760399632.879036,65,34.463,36.199000,2525.500000,6,8,2429,59
1760399633.879063,66,34.520,36.695000,2562.195000,7,8,2429,59
1760399634.879027,67,34.769,36.834000,2599.029000,7,8,2429,59
1760399635.879068,68,34.799,37.170000,2636.199000,7,9,2429,59
1760399636.879064,69,34.830,42.120000,2678.319000,6,8,2429,59
1760399637.879027,70,34.677,42.780000,2721.099000,7,8,2429,59
1760399638.879064,71,34.746,42.540000,2763.639000,7,8,2429,59
1760399639.879065,72,34.841,42.548000,2806.187000,7,9,2429,59
1760399640.879018,73,34.702,38.950000,2845.137000,7,8,2429,59
1760399641.879063,74,34.495,42.110000,2887.247000,7,9,2429,59
1760399642.879060,75,34.489,42.048000,2929.295000,7,8,2429,59
1760399643.879067,76,34.355,41.862000,2971.157000,7,8,2429,59
1760399644.879016,77,34.457,41.895000,3013.052000,6,8,2429,59
1760399645.879062,78,34.382,42.064000,3055.116000,6,8,2429,58
1760399646.879015,79,34.421,42.180000,3097.296000,6,8,2429,58
1760399647.879064,80,34.537,37.253000,3134.549000,7,9,2429,58
1760399648.879060,81,34.614,42.164000,3176.713000,7,9,2429,58
1760399649.879064,82,34.760,42.311000,3219.024000,6,8,2429,58
1760399650.879064,83,34.454,42.160000,3261.184000,6,8,2429,58
1760399651.879035,84,34.456,42.084000,3303.268000,6,8,2429,58
1760399652.879064,85,34.518,42.183000,3345.451000,6,8,2429,58
1760399653.879013,86,34.359,42.061000,3387.512000,7,9,2429,58
1760399654.879035,87,34.369,38.680000,3426.192000,6,8,2429,58
1760399655.879065,88,34.157,41.265000,3467.457000,7,8,2429,58
1760399656.879064,89,34.138,41.685000,3509.142000,7,9,2429,58
1760399657.879038,90,34.056,41.323000,3550.465000,8,9,2429,58
1760399658.879017,91,33.945,41.288000,3591.753000,8,9,2539,57
1760399659.879063,92,33.875,41.421000,3633.174000,7,9,2023,58
1760399660.879065,93,33.856,41.568000,3674.742000,7,8,2023,57
1760399661.879017,94,34.133,36.800000,3711.542000,7,8,2321,57
1760399662.879029,95,33.551,41.022000,3752.564000,7,8,2429,57
1760399663.879064,96,33.551,40.986000,3793.550000,7,8,2429,57
1760399664.879063,97,33.896,41.043000,3834.593000,7,8,2429,57
1760399665.879031,98,33.875,41.703000,3876.296000,7,8,2429,57
1760399666.879064,99,33.775,41.156000,3917.452000,8,9,2429,57
1760399667.879065,100,33.685,41.397000,3958.849000,6,8,2429,57
1760399668.879066,101,33.574,36.487000,3995.336000,6,8,2429,57
1760399669.879063,102,33.428,41.150000,4036.486000,7,8,2429,57
1760399670.879062,103,33.518,40.933000,4077.419000,7,8,2429,57
1760399671.879063,104,33.762,41.082000,4118.501000,7,8,2429,57
1760399672.879059,105,33.757,41.418000,4159.919000,7,8,2429,57
1760399673.879059,106,33.788,41.732000,4201.651000,7,8,2429,57
1760399674.879059,107,33.742,41.372000,4243.023000,8,9,2429,57
1760399675.879062,108,33.813,40.796000,4283.819000,7,8,2429,57
1760399676.879035,109,33.858,41.311000,4325.130000,7,8,2429,57
1760399677.879017,110,33.798,41.489000,4366.619000,7,9,2429,57
1760399678.879035,111,33.895,41.214000,4407.833000,7,8,2429,57
1760399679.879063,112,33.825,41.471000,4449.304000,7,9,2429,57
1760399680.879061,113,33.789,41.821000,4491.125000,7,8,2429,56
1760399681.879012,114,33.734,42.132000,4533.257000,7,8,2429,56
1760399682.879014,115,33.651,36.498000,4569.755000,7,8,2429,57
1760399683.879016,116,33.552,42.270000,4612.025000,6,8,2429,56
1760399684.879063,117,33.669,42.215000,4654.240000,7,9,2429,56
1760399685.879063,118,33.228,41.672000,4695.912000,7,8,2429,56
1760399686.879062,119,33.074,42.367000,4738.279000,7,8,2429,56
1760399687.879062,120,33.101,42.497000,4780.776000,6,8,2429,56
1760399688.879062,121,32.801,42.046000,4822.822000,6,8,2429,56
1760399689.879011,122,32.541,36.218000,4859.040000,7,8,2539,56
1760399690.879016,123,32.712,42.441000,4901.481000,7,8,2023,56
1760399691.879012,124,32.560,42.222000,4943.703000,6,8,2133,56
1760399692.879035,125,33.214,43.392000,4987.095000,9,9,2133,56
1760399693.879045,126,33.322,43.580000,5030.675000,7,8,1617,56
1760399694.879011,127,33.947,44.202000,5074.877000,7,8,2023,56
1760399695.879025,128,34.137,38.256000,5113.133000,6,8,2429,56
1760399696.879069,129,33.635,38.338000,5151.471000,6,8,2429,56
1760399697.879063,130,33.719,44.596000,5196.067000,7,8,2429,56
1760399698.879068,131,33.903,44.960000,5241.027000,6,8,2429,56
1760399699.879066,132,33.609,44.844000,5285.871000,7,8,2429,56
1760399700.879025,133,33.576,37.901000,5323.772000,7,8,2429,56
1760399701.879064,134,33.221,35.909000,5359.681000,6,8,2429,56
1760399702.879065,135,33.229,35.993000,5395.674000,7,8,2429,56
1760399703.879035,136,33.473,36.300000,5431.974000,6,8,2429,56
1760399704.879013,137,33.473,36.350000,5468.324000,6,7,2429,56
1760399705.879064,138,33.544,36.370000,5504.694000,6,8,2429,56
1760399706.879038,139,33.533,36.467000,5541.161000,6,8,2429,56
1760399707.879064,140,33.424,36.102000,5577.263000,6,8,2429,56
1760399708.879038,141,33.467,37.891000,5615.154000,7,8,2429,56
1760399709.879061,142,33.608,36.458000,5651.612000,6,8,2429,56
1760399710.879027,143,33.347,36.282000,5687.894000,6,8,2429,56
1760399711.879013,144,33.515,36.307000,5724.201000,6,8,2429,56
1760399712.879064,145,33.437,36.137000,5760.338000,6,8,2429,55
1760399713.879060,146,33.373,36.294000,5796.632000,7,8,2429,55
1760399714.879066,147,33.285,36.049000,5832.681000,6,8,2429,55
1760399715.879026,148,33.159,37.634000,5870.315000,6,8,2429,55
1760399716.879065,149,33.278,36.183000,5906.498000,6,7,2429,55
1760399717.879063,150,33.362,37.639000,5944.137000,6,8,2429,55
1760399718.879062,151,33.309,37.724000,5981.861000,7,8,2429,55
1760399719.879017,152,33.249,36.109000,6017.970000,6,8,2429,55
1760399720.879061,153,33.152,37.741000,6055.711000,7,8,2429,55
1760399721.879060,154,33.067,37.266000,6092.977000,5,7,2429,55
1760399722.879034,155,32.851,36.664000,6129.641000,7,8,2429,55
1760399723.879035,156,33.155,36.871000,6166.512000,7,9,2429,55
1760399724.879067,157,33.167,37.650000,6204.162000,6,8,2429,55
1760399725.879020,158,33.026,37.158000,6241.320000,6,8,2429,55
1760399726.879059,159,33.171,37.373000,6278.693000,7,8,2429,55
1760399727.879070,160,33.450,38.505000,6317.198000,6,8,2429,55
1760399728.879013,161,33.314,37.813000,6355.011000,6,8,2429,55
1760399729.879063,162,33.366,38.101000,6393.112000,6,8,2429,55
1760399730.879061,163,33.318,38.106000,6431.218000,6,8,2429,55
1760399731.879066,164,33.274,38.996000,6470.214000,6,8,2429,55
1760399732.879062,165,33.221,38.448000,6508.662000,6,8,2429,55
1760399733.879062,166,33.109,38.196000,6546.858000,6,8,2429,55
1760399734.879035,167,33.321,39.344000,6586.202000,6,8,2429,55
1760399735.879063,168,33.187,38.904000,6625.106000,6,8,2429,55
1760399736.879075,169,33.132,38.760000,6663.866000,7,8,2429,55
1760399737.879032,170,33.273,38.954000,6702.820000,6,8,2429,55
1760399738.879065,171,33.323,40.042000,6742.862000,7,8,2429,55
1760399739.879062,172,32.985,39.365000,6782.227000,6,8,2429,55
1760399740.879068,173,33.134,39.802000,6822.029000,6,8,2429,54
1760399741.879065,174,33.174,40.118000,6862.147000,6,7,2429,54
1760399742.879015,175,33.104,40.061000,6902.208000,7,8,2429,55
1760399743.879062,176,33.333,40.670000,6942.878000,7,8,2429,55
1760399744.879013,177,33.050,40.277000,6983.155000,6,8,2429,55
1760399745.879072,178,33.115,41.146000,7024.301000,6,8,2429,54
1760399746.879013,179,33.109,40.787000,7065.088000,6,8,2429,54
1760399747.879016,180,33.032,40.883000,7105.971000,6,8,2429,55
1760399748.879062,181,33.029,41.536000,7147.507000,6,8,2429,54
1760399749.879064,182,32.977,41.241000,7188.748000,7,8,2429,54
1760399750.879061,183,33.112,41.433000,7230.181000,6,8,2429,54
1760399751.879064,184,32.978,41.471000,7271.652000,7,9,2429,54
