ts,t_rel_s,power_w,energy_j_this_sec,energy_j_total,gpu_util_percent,mem_util_percent,mem_used_MiB,temp_c
1760218603.658727,0,24.513,0.000000,0.000000,7,7,1525,53
1760218604.658725,1,28.186,30.928000,30.928000,7,7,1934,54
1760218605.658723,2,28.284,39.197000,70.125000,7,7,2325,54
1760218606.658735,3,28.348,31.121000,101.246000,6,7,2469,54
1760218607.658851,4,28.276,30.984000,132.230000,6,7,2469,54
1760218608.658817,5,28.426,31.153000,163.383000,6,7,2469,54
1760218609.658721,6,28.391,31.178000,194.561000,6,7,2469,54
1760218610.658761,7,28.337,31.179000,225.740000,6,7,2469,54
1760218611.658758,8,28.148,30.863000,256.603000,6,7,2469,54
1760218612.658759,9,28.147,31.037000,287.640000,6,7,2469,54
1760218613.659046,10,27.965,30.781000,318.421000,7,7,2469,54
1760218614.658824,11,27.944,30.795000,349.216000,6,7,2469,54
1760218615.658726,12,27.894,30.778000,379.994000,6,7,2469,54
1760218616.659272,13,28.031,30.858000,410.852000,7,7,2469,54
1760218617.658717,14,28.179,31.102000,441.954000,6,7,2469,54
1760218618.658718,15,28.108,30.891000,472.845000,6,7,2469,54
1760218619.658718,16,28.114,30.894000,503.739000,6,7,2469,54
1760218620.658720,17,28.107,30.919000,534.658000,5,7,2469,54
1760218621.658874,18,28.199,31.080000,565.738000,6,7,2469,54
1760218622.659039,19,28.281,31.625000,597.363000,6,7,2469,54
1760218623.658721,20,28.363,31.956000,629.319000,5,7,2469,54
1760218624.658822,21,28.319,31.856000,661.175000,6,6,2469,54
1760218625.658722,22,28.370,31.975000,693.150000,7,7,2469,54
1760218626.658895,23,28.391,32.071000,725.221000,6,7,2469,54
1760218627.658825,24,28.486,32.389000,757.610000,7,8,2469,54
1760218628.659075,25,28.257,32.237000,789.847000,6,7,2469,54
1760218629.658741,26,28.196,32.556000,822.403000,6,7,2469,54
1760218630.658720,27,28.284,32.696000,855.099000,6,7,2469,54
1760218631.658721,28,28.152,32.737000,887.836000,6,7,2469,54
1760218632.658720,29,28.013,32.846000,920.682000,6,7,2469,54
1760218633.658759,30,27.906,32.896000,953.578000,6,7,2469,54
1760218634.658824,31,27.903,33.127000,986.705000,6,7,2469,54
1760218635.658761,32,27.944,33.390000,1020.095000,6,7,2469,54
1760218636.658860,33,28.021,33.559000,1053.654000,6,7,2469,54
1760218637.658720,34,28.044,33.758000,1087.412000,6,7,2469,54
1760218638.658761,35,28.000,33.888000,1121.300000,6,7,2469,54
1760218639.658725,36,28.035,34.268000,1155.568000,6,7,2469,54
1760218640.658722,37,28.039,34.314000,1189.882000,6,7,2469,54
1760218641.658722,38,28.126,34.599000,1224.481000,6,7,2469,54
1760218642.658998,39,28.068,34.665000,1259.146000,6,7,2469,54
1760218643.659095,40,28.117,35.119000,1294.265000,6,7,2469,54
1760218644.659065,41,28.138,35.420000,1329.685000,6,6,2469,54
1760218645.658947,42,28.185,35.657000,1365.342000,6,7,2469,54
1760218646.658740,43,28.256,35.844000,1401.186000,6,7,2469,54
1760218647.658982,44,28.420,36.160000,1437.346000,6,7,2469,54
1760218648.658720,45,28.408,36.348000,1473.694000,6,7,2469,54
1760218649.658792,46,28.570,36.535000,1510.229000,7,7,2469,54
1760218650.658720,47,28.499,36.678000,1546.907000,6,7,2469,55
1760218651.658776,48,28.336,36.611000,1583.518000,6,7,2469,55
1760218652.658719,49,28.163,36.976000,1620.494000,6,6,2469,54
1760218653.658760,50,28.149,37.351000,1657.845000,6,7,2469,54
1760218654.659068,51,28.104,37.272000,1695.117000,6,6,2469,54
1760218655.658744,52,28.288,37.664000,1732.781000,6,7,2469,54
1760218656.658761,53,28.463,37.772000,1770.553000,6,7,2469,54
1760218657.658731,54,28.540,38.164000,1808.717000,6,7,2469,54
1760218658.659141,55,28.564,38.305000,1847.022000,6,7,2469,54
1760218659.658761,56,28.443,38.571000,1885.593000,6,7,2469,54
1760218660.658826,57,28.489,38.598000,1924.191000,7,7,2469,54
1760218661.658760,58,28.432,38.671000,1962.862000,6,7,2469,55
1760218662.658761,59,28.369,38.864000,2001.726000,6,7,2469,55
1760218663.658856,60,28.303,39.059000,2040.785000,5,6,2469,54
1760218664.658850,61,28.340,39.233000,2080.018000,5,6,2469,55
1760218665.659082,62,28.341,39.385000,2119.403000,6,7,2469,54
1760218666.658828,63,28.338,31.051000,2150.454000,6,6,2469,54
1760218667.658762,64,28.369,31.069000,2181.523000,6,7,2469,55
1760218668.658974,65,28.341,31.038000,2212.561000,6,7,2469,54
1760218669.658746,66,28.173,30.875000,2243.436000,6,7,2469,55
1760218670.658735,67,28.246,30.941000,2274.377000,6,7,2469,55
1760218671.658954,68,28.205,30.955000,2305.332000,6,7,2469,55
1760218672.658718,69,28.475,31.230000,2336.562000,6,7,2469,55
1760218673.658760,70,28.361,31.048000,2367.610000,6,7,2469,55
1760218674.658762,71,28.360,31.065000,2398.675000,6,7,2469,55
1760218675.658823,72,28.346,30.998000,2429.673000,6,7,2469,55
1760218676.658867,73,28.275,30.980000,2460.653000,6,7,2469,55
1760218677.658731,74,28.344,31.146000,2491.799000,6,7,2469,55
1760218678.658722,75,28.420,31.198000,2522.997000,6,7,2469,55
1760218679.659139,76,28.433,31.148000,2554.145000,6,7,2469,55
1760218680.658986,77,28.372,31.479000,2585.624000,6,7,2469,55
1760218681.658751,78,28.302,31.608000,2617.232000,6,7,2469,55
1760218682.658786,79,28.428,31.589000,2648.821000,5,6,2469,55
1760218683.658720,80,28.419,31.974000,2680.795000,5,6,2469,55
1760218684.658733,81,28.356,31.965000,2712.760000,6,7,2469,54
1760218685.658723,82,28.259,31.955000,2744.715000,6,7,2469,55
1760218686.658847,83,28.304,32.123000,2776.838000,6,7,2469,55
1760218687.658775,84,28.372,32.441000,2809.279000,6,7,2469,54
1760218688.658721,85,28.396,32.624000,2841.903000,7,7,2469,55
1760218689.658742,86,28.330,32.616000,2874.519000,7,7,2469,55
1760218690.658742,87,28.305,32.877000,2907.396000,6,7,2469,55
1760218691.659014,88,28.164,32.920000,2940.316000,6,7,2469,55
1760218692.658742,89,28.192,33.227000,2973.543000,7,7,2469,55
1760218693.658720,90,28.287,33.337000,3006.880000,6,7,2469,55
1760218694.658759,91,28.298,33.414000,3040.294000,7,7,2469,55
1760218695.659046,92,28.341,33.837000,3074.131000,6,7,2469,55
1760218696.658811,93,28.335,34.082000,3108.213000,6,7,2469,55
1760218697.658831,94,28.386,34.159000,3142.372000,6,7,2469,55
1760218698.658823,95,28.424,34.432000,3176.804000,5,7,2469,55
1760218699.658720,96,28.432,34.610000,3211.414000,6,7,2469,55
1760218700.658761,97,28.369,34.680000,3246.094000,6,6,2469,55
1760218701.658891,98,28.426,35.112000,3281.206000,6,7,2469,55
1760218702.658760,99,28.338,35.158000,3316.364000,6,7,2469,55
1760218703.658818,100,28.273,35.254000,3351.618000,6,7,2469,55
1760218704.658743,101,28.249,35.391000,3387.009000,6,7,2469,55
1760218705.658948,102,28.178,35.543000,3422.552000,6,7,2469,55
1760218706.658823,103,28.252,35.860000,3458.412000,6,7,2469,55
1760218707.658725,104,28.181,35.871000,3494.283000,6,7,2469,55
1760218708.658741,105,28.235,36.124000,3530.407000,6,7,2469,55
1760218709.658932,106,28.208,36.414000,3566.821000,6,7,2469,55
1760218710.658838,107,28.182,36.750000,3603.571000,6,7,2469,55
1760218711.658720,108,28.155,36.748000,3640.319000,6,7,2469,55
1760218712.658750,109,28.130,36.857000,3677.176000,6,7,2469,55
1760218713.658745,110,28.152,37.016000,3714.192000,5,6,2469,55
1760218714.658762,111,28.227,37.237000,3751.429000,5,6,2469,55
1760218715.658720,112,28.207,37.490000,3788.919000,6,7,2469,55
1760218716.658737,113,28.321,37.739000,3826.658000,6,7,2469,55
1760218717.658828,114,28.300,38.009000,3864.667000,6,7,2469,55
1760218718.659114,115,28.297,38.124000,3902.791000,6,7,2469,55
1760218719.659467,116,28.267,38.440000,3941.231000,6,7,2469,55
1760218720.658784,117,28.350,38.903000,3980.134000,6,7,2469,55
1760218721.658718,118,28.312,38.736000,4018.870000,6,7,2469,55
1760218722.658808,119,28.224,38.737000,4057.607000,6,7,2469,55
1760218723.658718,120,28.175,38.942000,4096.549000,7,7,2469,55
1760218724.658917,121,28.226,39.042000,4135.591000,7,7,2469,55
1760218725.658895,122,28.316,30.900000,4166.491000,6,7,2469,55
1760218726.658759,123,28.438,31.106000,4197.597000,6,7,2469,55
1760218727.658760,124,28.434,31.083000,4228.680000,6,7,2469,55
1760218728.658835,125,28.338,31.020000,4259.700000,6,7,2469,55
1760218729.659238,126,28.395,30.976000,4290.676000,7,7,2469,55
1760218730.658723,127,28.404,31.008000,4321.684000,7,7,2469,55
1760218731.658721,128,28.491,31.133000,4352.817000,6,7,2469,55
1760218732.658735,129,28.409,30.990000,4383.807000,6,7,2469,55
1760218733.658721,130,28.378,31.057000,4414.864000,6,7,2469,55
1760218734.658742,131,28.478,31.160000,4446.024000,6,7,2469,55
1760218735.658726,132,28.440,31.166000,4477.190000,6,7,2469,55
1760218736.658835,133,28.443,31.072000,4508.262000,6,7,2469,55
1760218737.658823,134,28.301,31.047000,4539.309000,6,7,2469,55
1760218738.658722,135,28.203,30.812000,4570.121000,6,7,2469,55
1760218739.658761,136,28.336,31.022000,4601.143000,6,7,2469,55
1760218740.658830,137,28.338,31.585000,4632.728000,6,7,2469,55
1760218741.658764,138,28.331,31.626000,4664.354000,6,7,2469,55
1760218742.658765,139,28.232,31.836000,4696.190000,6,7,2469,55
1760218743.658722,140,28.255,31.946000,4728.136000,6,7,2469,55
1760218744.658724,141,28.230,31.891000,4760.027000,5,6,2469,55
1760218745.658725,142,28.326,32.093000,4792.120000,5,6,2469,55
1760218746.658724,143,28.238,32.303000,4824.423000,6,7,2469,55
1760218747.658987,144,28.247,32.437000,4856.860000,6,6,2469,55
1760218748.658761,145,28.140,32.637000,4889.497000,5,7,2469,55
1760218749.659019,146,28.207,32.795000,4922.292000,6,7,2469,55
1760218750.658727,147,28.153,32.965000,4955.257000,6,7,2469,55
1760218751.658792,148,28.200,33.056000,4988.313000,6,7,2469,55
1760218752.658718,149,28.167,33.235000,5021.548000,6,7,2469,55
1760218753.658901,150,28.134,33.328000,5054.876000,6,7,2579,55
1760218754.658823,151,28.159,33.673000,5088.549000,9,8,2276,55
1760218755.658721,152,28.421,34.048000,5122.597000,6,7,2121,55
1760218756.658723,153,28.934,34.764000,5157.361000,6,7,2055,55
1760218757.658721,154,28.616,34.630000,5191.991000,12,8,2323,55
1760218758.658824,155,28.724,34.937000,5226.928000,6,7,2469,55
1760218759.658724,156,28.303,34.791000,5261.719000,6,7,2469,55
1760218760.658720,157,28.528,35.131000,5296.850000,7,7,2469,55
1760218761.658740,158,28.508,35.267000,5332.117000,6,6,2469,55
1760218762.659081,159,28.526,35.468000,5367.585000,6,7,2469,55
1760218763.658820,160,28.594,36.016000,5403.601000,6,7,2469,55
1760218764.658824,161,28.437,35.788000,5439.389000,6,6,2469,55
1760218765.658746,162,28.424,35.978000,5475.367000,6,7,2469,55
1760218766.658765,163,28.315,35.977000,5511.344000,7,7,2469,55
1760218767.658838,164,28.209,36.209000,5547.553000,6,7,2469,55
1760218768.658743,165,28.253,36.367000,5583.920000,6,7,2469,55
1760218769.658775,166,28.295,36.507000,5620.427000,7,7,2469,55
1760218770.658721,167,28.197,36.664000,5657.091000,6,7,2469,55
1760218771.658718,168,28.323,36.936000,5694.027000,6,7,2469,55
1760218772.658721,169,28.320,37.134000,5731.161000,6,7,2469,55
1760218773.658721,170,28.148,37.183000,5768.344000,6,6,2469,55
1760218774.658734,171,28.211,37.425000,5805.769000,6,7,2469,55
1760218775.658856,172,28.318,37.727000,5843.496000,6,7,2469,55
1760218776.658958,173,28.327,38.011000,5881.507000,6,6,2469,55
1760218777.658799,174,28.398,38.332000,5919.839000,6,7,2469,55
1760218778.658760,175,28.452,38.384000,5958.223000,6,7,2469,55
1760218779.658763,176,28.433,38.625000,5996.848000,6,7,2469,55
1760218780.658840,177,28.466,38.965000,6035.813000,6,7,2469,55
1760218781.658816,178,28.471,39.183000,6074.996000,6,7,2469,55
1760218782.658727,179,28.506,39.396000,6114.392000,6,7,2469,55
1760218783.658725,180,28.373,39.348000,6153.740000,7,7,2469,55
1760218784.658751,181,28.281,39.428000,6193.168000,7,7,2469,55
1760218785.658723,182,28.182,30.981000,6224.149000,6,7,2469,55
1760218786.658824,183,28.017,30.781000,6254.930000,6,7,2469,55
1760218787.658818,184,27.995,30.734000,6285.664000,7,7,2469,55
