ts,t_rel_s,power_w,energy_j_this_sec,energy_j_total,gpu_util_percent,mem_util_percent,mem_used_MiB,temp_c
1760209898.397136,0,24.300,0.000000,0.000000,8,7,1519,53
1760209899.397031,1,28.283,31.043000,31.043000,8,7,1925,53
1760209900.397026,2,28.560,39.808000,70.851000,7,7,2347,54
1760209901.397037,3,28.058,30.740000,101.591000,6,7,2469,53
1760209902.397140,4,27.813,30.475000,132.066000,6,7,2469,53
1760209903.397016,5,28.075,30.819000,162.885000,6,7,2469,53
1760209904.397015,6,27.952,30.650000,193.535000,6,7,2469,53
1760209905.397059,7,27.863,30.643000,224.178000,6,7,2469,53
1760209906.397054,8,27.788,30.565000,254.743000,6,7,2469,53
1760209907.397015,9,27.830,30.543000,285.286000,6,7,2469,53
1760209908.397129,10,27.849,30.478000,315.764000,6,7,2469,53
1760209909.397105,11,27.763,30.368000,346.132000,5,6,2469,53
1760209910.397120,12,27.636,30.370000,376.502000,6,7,2469,53
1760209911.397132,13,27.762,30.557000,407.059000,6,7,2469,53
1760209912.397107,14,27.774,30.661000,437.720000,5,7,2469,53
1760209913.397054,15,27.784,30.561000,468.281000,5,7,2469,53
1760209914.397111,16,27.897,30.730000,499.011000,6,7,2469,53
1760209915.397023,17,27.884,31.054000,530.065000,6,7,2469,53
1760209916.397038,18,27.942,31.206000,561.271000,6,7,2469,53
1760209917.397060,19,27.981,31.425000,592.696000,7,7,2469,53
1760209918.397036,20,27.993,31.641000,624.337000,6,7,2469,53
1760209919.397051,21,28.046,31.718000,656.055000,6,7,2469,53
1760209920.397130,22,28.115,32.024000,688.079000,6,7,2469,53
1760209921.397316,23,28.039,32.062000,720.141000,6,7,2469,53
1760209922.397015,24,28.199,32.512000,752.653000,6,7,2469,53
1760209923.397033,25,28.131,32.430000,785.083000,6,7,2469,53
1760209924.397146,26,28.070,32.582000,817.665000,6,7,2469,53
1760209925.397056,27,28.038,32.798000,850.463000,7,8,2469,53
1760209926.397050,28,27.828,32.655000,883.118000,7,7,2469,53
1760209927.397114,29,27.815,32.828000,915.946000,6,7,2469,53
1760209928.397018,30,27.903,33.212000,949.158000,6,7,2469,54
1760209929.397119,31,27.835,33.174000,982.332000,6,7,2469,54
1760209930.397051,32,27.843,33.511000,1015.843000,5,7,2469,54
1760209931.397043,33,27.785,33.644000,1049.487000,6,7,2469,54
1760209932.397043,34,27.767,33.820000,1083.307000,6,7,2469,54
1760209933.397054,35,27.743,33.961000,1117.268000,6,7,2469,54
1760209934.397014,36,27.840,34.315000,1151.583000,6,7,2469,54
1760209935.397015,37,27.859,34.436000,1186.019000,6,7,2469,54
1760209936.397300,38,27.908,34.658000,1220.677000,6,7,2469,54
1760209937.397033,39,27.896,35.084000,1255.761000,6,7,2469,54
1760209938.397034,40,27.941,35.035000,1290.796000,6,7,2469,54
1760209939.397298,41,27.970,35.250000,1326.046000,6,7,2469,54
1760209940.397015,42,28.096,35.825000,1361.871000,6,7,2469,54
1760209941.397029,43,28.185,35.823000,1397.694000,6,7,2469,54
1760209942.397030,44,28.278,36.089000,1433.783000,6,7,2469,54
1760209943.397123,45,28.108,36.202000,1469.985000,6,7,2469,54
1760209944.397233,46,27.995,36.308000,1506.293000,6,7,2469,54
1760209945.397134,47,28.216,36.765000,1543.058000,7,7,2469,54
1760209946.397055,48,28.213,36.916000,1579.974000,6,7,2469,54
1760209947.397047,49,28.271,37.062000,1617.036000,6,7,2469,54
1760209948.397164,50,28.206,37.429000,1654.465000,6,7,2469,54
1760209949.397115,51,28.212,37.963000,1692.428000,6,7,2469,54
1760209950.397045,52,28.224,37.925000,1730.353000,6,7,2469,54
1760209951.397372,53,28.163,37.890000,1768.243000,6,7,2469,54
1760209952.397125,54,28.080,38.138000,1806.381000,5,6,2469,54
1760209953.397057,55,28.252,38.320000,1844.701000,6,7,2469,54
1760209954.397056,56,28.286,38.557000,1883.258000,6,7,2469,54
1760209955.397016,57,28.290,38.764000,1922.022000,5,6,2469,54
1760209956.397268,58,28.230,38.822000,1960.844000,6,7,2469,54
1760209957.397131,59,28.241,39.156000,2000.000000,6,7,2469,54
1760209958.397038,60,28.128,39.104000,2039.104000,6,7,2469,54
1760209959.397014,61,28.154,39.274000,2078.378000,7,7,2469,54
1760209960.397388,62,28.123,30.721000,2109.099000,6,7,2469,54
1760209961.397123,63,28.146,30.845000,2139.944000,6,7,2469,54
1760209962.397013,64,28.127,30.855000,2170.799000,6,7,2469,54
1760209963.397110,65,28.102,30.797000,2201.596000,6,7,2469,54
1760209964.397110,66,28.126,30.879000,2232.475000,6,7,2469,54
1760209965.397192,67,28.249,30.965000,2263.440000,6,7,2469,54
1760209966.397036,68,28.181,30.904000,2294.344000,6,7,2469,54
1760209967.397054,69,28.138,30.904000,2325.248000,6,7,2469,54
1760209968.397112,70,28.069,30.825000,2356.073000,6,7,2469,54
1760209969.397055,71,28.118,30.871000,2386.944000,6,7,2469,54
1760209970.397120,72,28.211,30.877000,2417.821000,6,7,2469,54
1760209971.397110,73,28.177,30.907000,2448.728000,6,7,2469,54
1760209972.397019,74,28.139,31.101000,2479.829000,6,6,2469,54
1760209973.397055,75,28.091,30.932000,2510.761000,6,7,2469,54
1760209974.397045,76,28.085,30.979000,2541.740000,6,7,2469,54
1760209975.397044,77,28.193,31.400000,2573.140000,6,7,2469,54
1760209976.397128,78,28.317,31.665000,2604.805000,6,7,2469,54
1760209977.397366,79,28.289,31.886000,2636.691000,7,7,2469,54
1760209978.397038,80,28.296,31.958000,2668.649000,6,7,2469,54
1760209979.397052,81,28.221,31.919000,2700.568000,6,7,2469,54
1760209980.397388,82,28.311,32.225000,2732.793000,6,7,2469,54
1760209981.397014,83,28.254,32.541000,2765.334000,6,7,2469,54
1760209982.397108,84,28.082,32.301000,2797.635000,6,7,2469,54
1760209983.397052,85,27.992,32.377000,2830.012000,5,7,2469,54
1760209984.397044,86,28.034,32.771000,2862.783000,6,7,2469,54
1760209985.397053,87,28.031,32.881000,2895.664000,6,7,2469,54
1760209986.397053,88,28.117,33.145000,2928.809000,5,6,2469,54
1760209987.397299,89,28.066,33.278000,2962.087000,6,7,2469,54
1760209988.397037,90,28.010,33.665000,2995.752000,6,7,2469,54
1760209989.397047,91,28.050,33.556000,3029.308000,7,7,2469,54
1760209990.397122,92,28.128,33.877000,3063.185000,6,7,2469,54
1760209991.397053,93,28.159,34.041000,3097.226000,6,7,2469,54
1760209992.397031,94,28.204,34.303000,3131.529000,6,7,2469,55
1760209993.397012,95,28.204,34.512000,3166.041000,6,7,2469,55
1760209994.397117,96,28.189,34.707000,3200.748000,6,7,2469,54
1760209995.397043,97,28.168,34.856000,3235.604000,6,6,2469,54
1760209996.397043,98,28.248,35.122000,3270.726000,6,7,2469,54
1760209997.397054,99,28.162,35.167000,3305.893000,6,7,2469,54
1760209998.397367,100,28.205,35.470000,3341.363000,6,7,2469,54
1760209999.397037,101,28.110,35.767000,3377.130000,6,7,2469,54
1760210000.397035,102,28.075,35.637000,3412.767000,6,7,2469,54
1760210001.397021,103,27.981,35.673000,3448.440000,6,6,2579,54
1760210002.397049,104,27.858,35.863000,3484.303000,6,7,2055,55
1760210003.397121,105,28.025,36.173000,3520.476000,6,7,2055,55
1760210004.397057,106,28.344,36.693000,3557.169000,7,7,2469,55
1760210005.397016,107,27.985,36.431000,3593.600000,6,7,2469,55
1760210006.397043,108,27.982,36.595000,3630.195000,6,7,2469,55
1760210007.397053,109,28.064,36.860000,3667.055000,6,7,2469,55
1760210008.397047,110,28.011,37.132000,3704.187000,6,7,2469,55
1760210009.397037,111,28.004,37.351000,3741.538000,6,6,2469,55
1760210010.397015,112,27.962,37.560000,3779.098000,6,6,2469,55
1760210011.397053,113,28.040,37.749000,3816.847000,6,7,2469,55
1760210012.397044,114,28.036,38.001000,3854.848000,6,7,2469,55
1760210013.397048,115,28.073,38.161000,3893.009000,6,7,2469,54
1760210014.397155,116,28.015,38.314000,3931.323000,5,7,2469,55
1760210015.397054,117,28.045,38.580000,3969.903000,5,6,2469,55
1760210016.397055,118,28.123,38.773000,4008.676000,7,7,2469,55
1760210017.397037,119,28.155,39.024000,4047.700000,6,7,2469,55
1760210018.397046,120,28.072,39.021000,4086.721000,7,7,2469,55
1760210019.397017,121,28.090,39.233000,4125.954000,7,7,2469,55
1760210020.397030,122,28.126,30.702000,4156.656000,6,7,2469,55
1760210021.397053,123,28.201,30.908000,4187.564000,6,7,2469,55
1760210022.397012,124,28.197,30.901000,4218.465000,6,7,2469,55
1760210023.397116,125,28.195,30.968000,4249.433000,6,7,2469,55
1760210024.397397,126,28.228,31.001000,4280.434000,6,7,2469,55
1760210025.397016,127,28.227,30.966000,4311.400000,5,7,2469,55
1760210026.397116,128,28.249,31.021000,4342.421000,6,7,2469,55
1760210027.397263,129,28.226,30.962000,4373.383000,6,7,2469,55
1760210028.397039,130,28.196,30.884000,4404.267000,6,7,2469,54
1760210029.397115,131,28.172,30.917000,4435.184000,6,7,2469,55
1760210030.397044,132,28.286,30.924000,4466.108000,7,7,2469,55
1760210031.397015,133,28.209,30.795000,4496.903000,7,7,2469,55
1760210032.397139,134,28.232,30.954000,4527.857000,6,7,2469,55
1760210033.397089,135,28.198,30.964000,4558.821000,6,7,2469,55
1760210034.397112,136,28.095,31.097000,4589.918000,7,7,2469,55
1760210035.397113,137,28.096,31.099000,4621.017000,7,7,2469,55
1760210036.397135,138,28.069,31.430000,4652.447000,6,7,2469,55
1760210037.397012,139,28.062,31.510000,4683.957000,7,7,2469,55
1760210038.397055,140,28.087,31.574000,4715.531000,6,7,2469,55
1760210039.397042,141,28.077,31.849000,4747.380000,5,7,2469,55
1760210040.397014,142,28.029,31.934000,4779.314000,6,6,2469,55
1760210041.397040,143,27.949,31.941000,4811.255000,6,6,2469,55
1760210042.397120,144,27.926,32.300000,4843.555000,6,7,2469,55
1760210043.397019,145,27.923,32.584000,4876.139000,6,7,2469,55
1760210044.397126,146,27.931,32.677000,4908.816000,6,7,2469,55
1760210045.397012,147,27.933,32.937000,4941.753000,5,7,2469,55
1760210046.397027,148,27.736,32.750000,4974.503000,6,7,2579,55
1760210047.397054,149,28.339,33.625000,5008.128000,6,7,2055,55
1760210048.397349,150,28.582,34.095000,5042.223000,6,7,2469,55
1760210049.397129,151,28.057,33.789000,5076.012000,6,7,2469,55
1760210050.397105,152,28.176,34.034000,5110.046000,5,7,2579,55
1760210051.397023,153,27.938,34.050000,5144.096000,7,7,2429,55
1760210052.397040,154,28.418,34.610000,5178.706000,7,7,2055,55
1760210053.397019,155,28.443,34.828000,5213.534000,7,8,2333,55
1760210054.397243,156,28.462,34.801000,5248.335000,5,6,2469,55
1760210055.397112,157,28.112,34.969000,5283.304000,5,6,2469,55
1760210056.397383,158,28.079,35.045000,5318.349000,5,6,2469,55
1760210057.397016,159,28.172,35.691000,5354.040000,5,6,2469,55
1760210058.397030,160,28.159,35.476000,5389.516000,6,7,2469,55
1760210059.397052,161,28.310,35.829000,5425.345000,6,7,2469,55
1760210060.397015,162,28.228,36.015000,5461.360000,6,7,2469,55
1760210061.397013,163,28.220,36.078000,5497.438000,6,7,2469,55
1760210062.397135,164,28.215,36.185000,5533.623000,6,7,2469,55
1760210063.397258,165,28.088,36.336000,5569.959000,6,7,2469,55
1760210064.397052,166,28.171,36.757000,5606.716000,7,7,2469,55
1760210065.397184,167,28.250,36.853000,5643.569000,6,7,2469,55
1760210066.397449,168,28.112,36.940000,5680.509000,7,7,2469,55
1760210067.397038,169,28.277,37.660000,5718.169000,6,7,2469,55
1760210068.397113,170,28.242,37.400000,5755.569000,7,7,2469,55
1760210069.397018,171,28.258,37.711000,5793.280000,6,7,2469,55
1760210070.397057,172,28.207,37.843000,5831.123000,6,7,2469,55
1760210071.397031,173,28.196,37.980000,5869.103000,6,7,2469,55
1760210072.397036,174,28.054,37.948000,5907.051000,5,6,2469,55
1760210073.397055,175,28.244,38.606000,5945.657000,6,7,2469,55
1760210074.397017,176,28.238,38.635000,5984.292000,6,7,2469,55
1760210075.397023,177,28.132,38.646000,6022.938000,6,6,2469,55
1760210076.397030,178,28.155,38.912000,6061.850000,6,7,2469,55
1760210077.397046,179,28.228,39.098000,6100.948000,7,7,2469,55
1760210078.397050,180,28.221,39.284000,6140.232000,7,7,2469,55
1760210079.397033,181,28.233,30.919000,6171.151000,6,7,2469,55
1760210080.397053,182,28.288,30.971000,6202.122000,7,7,2469,55
1760210081.397015,183,28.219,30.859000,6232.981000,7,8,2469,55
1760210082.397357,184,28.178,30.788000,6263.769000,7,7,2469,55
