ts,t_rel_s,power_w,energy_j_this_sec,energy_j_total,gpu_util_percent,mem_util_percent,mem_used_MiB,temp_c
1760915309.780778,0,14.382,0.000000,0.000000,68,39,1513,47
1760915310.780979,1,26.151,35.145000,35.145000,5,6,2013,49
1760915311.780623,2,28.313,35.749000,70.894000,6,6,2513,49
1760915312.780626,3,28.109,34.973000,105.867000,5,6,2513,49
1760915313.780664,4,27.885,35.043000,140.910000,5,6,2513,49
1760915314.780663,5,27.963,35.137000,176.047000,5,6,2506,50
1760915315.780644,6,27.903,35.300000,211.347000,5,6,2506,50
1760915316.780781,7,27.882,35.692000,247.039000,5,6,2500,50
1760915317.780641,8,27.782,35.911000,282.950000,5,6,2500,50
1760915318.780642,9,27.947,36.063000,319.013000,5,6,2500,50
1760915319.780900,10,27.947,36.223000,355.236000,5,6,2500,51
1760915320.780725,11,27.842,36.456000,391.692000,6,6,2500,51
1760915321.780650,12,27.986,36.513000,428.205000,5,6,2500,51
1760915322.780733,13,28.017,36.630000,464.835000,6,6,2500,51
1760915323.780661,14,27.926,37.038000,501.873000,5,6,2500,51
1760915324.780623,15,27.959,37.245000,539.118000,5,6,2500,51
1760915325.780726,16,28.011,37.302000,576.420000,6,6,2500,51
1760915326.780722,17,28.018,37.624000,614.044000,6,6,2500,51
1760915327.780731,18,27.981,37.606000,651.650000,6,6,2500,52
1760915328.780656,19,28.029,37.674000,689.324000,6,6,2500,52
1760915329.780663,20,28.146,38.101000,727.425000,7,7,2500,52
1760915330.780656,21,28.067,38.442000,765.867000,5,6,2500,52
1760915331.780966,22,28.063,38.463000,804.330000,6,6,2500,52
1760915332.780626,23,28.037,38.887000,843.217000,5,6,2500,52
1760915333.780809,24,28.017,38.624000,881.841000,5,6,2500,52
1760915334.780666,25,28.021,38.806000,920.647000,6,6,2500,52
1760915335.780658,26,28.150,39.000000,959.647000,5,6,2500,52
1760915336.780664,27,28.062,39.457000,999.104000,6,6,2500,52
1760915337.780647,28,28.154,30.986000,1030.090000,6,6,2500,52
1760915338.780640,29,28.125,30.944000,1061.034000,6,6,2500,52
1760915339.780641,30,28.116,30.893000,1091.927000,6,6,2500,52
1760915340.780722,31,28.119,30.839000,1122.766000,5,6,2500,52
1760915341.780660,32,28.122,30.822000,1153.588000,6,6,2500,53
1760915342.780627,33,28.145,30.628000,1184.216000,6,6,2500,53
1760915343.780660,34,28.181,30.704000,1214.920000,7,7,2500,53
1760915344.780640,35,28.117,30.731000,1245.651000,5,6,2500,53
1760915345.780641,36,28.189,31.017000,1276.668000,6,6,2500,53
1760915346.780665,37,28.110,30.858000,1307.526000,6,6,2500,53
1760915347.780624,38,28.136,31.119000,1338.645000,5,6,2500,53
1760915348.780896,39,28.263,31.038000,1369.683000,6,6,2500,53
1760915349.780663,40,28.130,30.854000,1400.537000,6,6,2500,53
1760915350.780644,41,28.225,30.916000,1431.453000,7,7,2500,53
1760915351.780663,42,28.252,31.089000,1462.542000,5,6,2500,53
1760915352.780750,43,28.247,30.938000,1493.480000,7,6,2500,53
1760915353.780664,44,28.179,31.183000,1524.663000,5,6,2500,53
1760915354.780763,45,28.226,31.090000,1555.753000,6,6,2500,53
1760915355.780752,46,28.218,31.619000,1587.372000,6,6,2500,54
1760915356.780662,47,28.247,31.635000,1619.007000,6,6,2500,53
1760915357.780841,48,28.142,31.569000,1650.576000,6,6,2500,53
1760915358.780724,49,28.279,31.736000,1682.312000,6,6,2500,53
1760915359.780760,50,28.224,32.064000,1714.376000,5,6,2500,54
1760915360.780763,51,28.239,31.965000,1746.341000,5,6,2500,53
1760915361.780653,52,28.208,32.363000,1778.704000,6,6,2500,53
1760915362.780915,53,28.234,32.352000,1811.056000,5,6,2500,54
1760915363.780738,54,28.231,32.840000,1843.896000,6,6,2500,54
1760915364.780897,55,28.270,32.836000,1876.732000,6,6,2500,54
1760915365.780787,56,28.281,32.859000,1909.591000,5,6,2500,54
1760915366.780762,57,28.373,33.171000,1942.762000,6,6,2500,54
1760915367.780736,58,28.273,33.435000,1976.197000,6,6,2500,54
1760915368.780625,59,28.265,33.542000,2009.739000,6,6,2500,54
1760915369.780649,60,28.256,33.590000,2043.329000,5,6,2500,54
1760915370.780642,61,28.304,33.905000,2077.234000,6,6,2500,54
1760915371.780626,62,28.268,34.012000,2111.246000,5,6,2500,54
1760915372.780727,63,28.335,34.224000,2145.470000,5,6,2500,54
1760915373.780731,64,28.336,34.029000,2179.499000,5,6,2500,54
1760915374.780901,65,28.390,34.465000,2213.964000,6,6,2500,54
1760915375.780749,66,28.301,34.994000,2248.958000,6,6,2500,54
1760915376.780664,67,28.356,34.973000,2283.931000,6,6,2500,54
1760915377.780652,68,28.288,35.056000,2318.987000,5,6,2500,54
1760915378.780644,69,28.379,35.321000,2354.308000,6,6,2500,54
1760915379.780645,70,28.356,35.495000,2389.803000,6,6,2500,54
1760915380.780640,71,28.391,35.782000,2425.585000,6,6,2500,55
1760915381.780651,72,28.330,35.520000,2461.105000,5,6,2500,54
1760915382.780986,73,28.515,35.898000,2497.003000,6,6,2500,54
1760915383.780771,74,28.339,36.563000,2533.566000,6,6,2500,54
1760915384.780653,75,28.398,36.399000,2569.965000,6,6,2500,54
1760915385.780767,76,28.391,36.491000,2606.456000,6,6,2500,54
1760915386.780642,77,28.384,36.828000,2643.284000,6,6,2500,55
1760915387.780625,78,28.377,36.898000,2680.182000,5,6,2500,55
1760915388.780729,79,28.416,37.076000,2717.258000,5,6,2500,55
1760915389.780864,80,28.356,36.958000,2754.216000,6,6,2500,55
1760915390.780733,81,28.550,37.349000,2791.565000,5,6,2500,55
1760915391.780659,82,28.406,37.789000,2829.354000,6,6,2500,55
1760915392.780729,83,28.451,37.631000,2866.985000,5,6,2500,55
1760915393.780799,84,28.426,37.916000,2904.901000,6,6,2500,55
1760915394.780624,85,28.453,38.120000,2943.021000,6,6,2500,55
1760915395.780725,86,28.363,38.098000,2981.119000,6,6,2500,55
1760915396.780734,87,28.452,38.557000,3019.676000,5,6,2500,55
1760915397.780879,88,28.381,38.465000,3058.141000,5,6,2500,55
1760915398.780679,89,28.522,38.779000,3096.920000,6,6,2500,55
1760915399.780624,90,28.485,39.155000,3136.075000,6,6,2500,55
1760915400.780725,91,28.579,39.073000,3175.148000,6,6,2500,55
1760915401.780730,92,28.528,39.163000,3214.311000,6,6,2610,55
1760915402.780735,93,28.519,39.657000,3253.968000,5,5,2000,55
1760915403.780620,94,28.511,30.899000,3284.867000,5,6,1965,55
1760915404.780668,95,27.002,28.816000,3313.683000,9,6,1506,54
1760915405.780641,96,26.316,30.984000,3344.667000,5,6,2006,55
1760915406.780643,97,28.667,31.411000,3376.078000,6,6,2329,55
1760915407.780654,98,29.113,31.824000,3407.902000,4,5,2506,55
1760915408.780867,99,28.614,31.410000,3439.312000,5,6,2506,55
1760915409.780635,100,28.611,31.140000,3470.452000,6,6,2506,55
1760915410.780665,101,28.563,31.204000,3501.656000,6,6,2506,55
1760915411.780620,102,28.494,31.217000,3532.873000,6,6,2506,55
1760915412.780627,103,28.557,31.252000,3564.125000,6,6,2500,55
1760915413.780625,104,28.557,31.098000,3595.223000,5,6,2500,55
1760915414.780644,105,28.536,31.246000,3626.469000,5,6,2500,55
1760915415.780655,106,28.443,31.412000,3657.881000,6,6,2500,55
1760915416.780746,107,28.414,31.238000,3689.119000,5,6,2500,55
1760915417.780720,108,28.467,31.082000,3720.201000,6,6,2500,55
1760915418.780737,109,28.458,31.240000,3751.441000,6,6,2500,55
1760915419.780664,110,28.495,31.525000,3782.966000,6,6,2500,55
1760915420.780663,111,28.500,31.633000,3814.599000,5,6,2500,55
1760915421.780729,112,28.503,31.819000,3846.418000,6,6,2500,55
1760915422.780802,113,28.470,32.050000,3878.468000,7,6,2500,55
1760915423.781038,114,28.406,32.292000,3910.760000,6,6,2500,55
1760915424.781014,115,28.315,32.501000,3943.261000,6,6,2500,55
1760915425.780907,116,28.424,32.493000,3975.754000,6,6,2500,55
1760915426.780751,117,28.436,32.583000,4008.337000,5,6,2500,55
1760915427.780720,118,28.443,32.545000,4040.882000,6,6,2500,55
1760915428.780806,119,28.433,32.719000,4073.601000,6,6,2500,55
1760915429.780622,120,28.441,32.914000,4106.515000,6,6,2500,55
1760915430.780735,121,28.396,33.009000,4139.524000,6,6,2500,55
1760915431.780661,122,28.428,33.573000,4173.097000,5,6,2500,55
1760915432.780654,123,28.375,33.634000,4206.731000,5,6,2500,55
1760915433.780716,124,28.447,33.608000,4240.339000,6,6,2500,55
1760915434.780721,125,28.394,33.870000,4274.209000,5,6,2500,55
1760915435.780811,126,28.447,33.903000,4308.112000,5,6,2500,55
1760915436.780624,127,28.519,34.287000,4342.399000,6,6,2500,55
1760915437.780660,128,28.453,34.132000,4376.531000,6,6,2500,55
1760915438.780990,129,28.484,34.427000,4410.958000,6,6,2500,55
1760915439.780625,130,28.506,35.133000,4446.091000,6,6,2500,55
1760915440.780728,131,28.398,35.009000,4481.100000,6,6,2500,55
1760915441.780737,132,28.427,35.073000,4516.173000,6,6,2500,55
1760915442.780933,133,28.377,35.466000,4551.639000,6,6,2500,55
1760915443.780654,134,28.509,35.511000,4587.150000,6,6,2500,55
1760915444.780620,135,28.522,35.627000,4622.777000,6,6,2500,55
1760915445.780851,136,28.527,35.537000,4658.314000,7,6,2500,55
1760915446.780732,137,28.411,36.047000,4694.361000,4,5,2500,55
1760915447.780644,138,28.523,36.255000,4730.616000,6,6,2500,55
1760915448.780960,139,28.423,36.525000,4767.141000,6,6,2500,55
1760915449.780784,140,28.412,36.703000,4803.844000,5,6,2500,55
1760915450.780728,141,28.470,36.927000,4840.771000,6,6,2500,55
1760915451.780745,142,28.456,36.709000,4877.480000,6,6,2500,55
1760915452.780724,143,28.419,36.996000,4914.476000,5,6,2500,55
1760915453.780664,144,28.513,36.969000,4951.445000,6,6,2500,55
1760915454.780621,145,28.406,37.215000,4988.660000,6,6,2500,55
1760915455.780737,146,28.505,37.233000,5025.893000,6,6,2500,55
1760915456.780721,147,28.379,37.836000,5063.729000,6,6,2500,55
1760915457.780759,148,28.373,37.956000,5101.685000,5,6,2500,55
1760915458.780724,149,28.446,38.270000,5139.955000,6,6,2500,55
1760915459.780728,150,28.418,38.087000,5178.042000,5,6,2500,55
1760915460.780731,151,28.490,38.412000,5216.454000,6,6,2500,55
1760915461.780660,152,28.448,38.424000,5254.878000,5,6,2500,55
1760915462.780777,153,28.457,38.757000,5293.635000,5,6,2500,55
1760915463.780735,154,28.525,38.878000,5332.513000,6,6,2500,55
1760915464.780738,155,28.440,39.202000,5371.715000,6,6,2500,55
1760915465.780639,156,28.391,39.331000,5411.046000,5,6,2500,55
1760915466.780724,157,28.452,39.615000,5450.661000,5,6,2500,55
1760915467.780626,158,28.457,39.497000,5490.158000,6,6,2500,55
1760915468.780725,159,28.530,31.200000,5521.358000,5,6,2500,55
1760915469.780722,160,28.439,31.167000,5552.525000,5,6,2500,55
1760915470.780665,161,28.466,31.132000,5583.657000,6,6,2500,55
1760915471.780782,162,28.424,30.958000,5614.615000,5,6,2500,55
1760915472.780655,163,28.493,31.113000,5645.728000,5,6,2500,55
1760915473.780622,164,28.407,31.468000,5677.196000,5,6,2500,55
1760915474.780625,165,28.479,31.378000,5708.574000,6,6,2500,55
1760915475.780722,166,28.404,31.156000,5739.730000,5,6,2500,55
1760915476.780622,167,28.469,31.176000,5770.906000,5,6,2500,55
1760915477.780735,168,28.550,31.286000,5802.192000,6,6,2500,55
1760915478.780767,169,28.452,31.306000,5833.498000,5,6,2500,55
1760915479.780647,170,28.489,31.152000,5864.650000,6,6,2500,55
1760915480.780659,171,28.517,31.080000,5895.730000,6,6,2500,55
1760915481.780644,172,28.431,31.397000,5927.127000,5,6,2500,55
1760915482.780653,173,28.514,31.541000,5958.668000,6,6,2500,55
1760915483.780641,174,28.440,31.411000,5990.079000,5,6,2500,55
1760915484.780646,175,28.639,31.699000,6021.778000,6,6,2506,55
1760915485.780643,176,28.702,31.824000,6053.602000,6,6,2506,55
1760915486.780653,177,28.474,31.908000,6085.510000,7,6,2506,55
1760915487.780665,178,28.441,35.004000,6120.514000,5,6,2506,55
1760915488.780705,179,28.469,28.306000,6148.820000,5,5,2506,55
1760915489.780642,180,28.528,28.887000,6177.707000,11,7,2506,55
1760915490.780735,181,28.473,28.753000,6206.460000,5,6,2506,55
1760915491.780726,182,28.479,28.839000,6235.299000,6,6,2506,55
1760915492.780661,183,28.474,29.014000,6264.313000,5,6,2506,55
1760915493.780717,184,28.474,29.332000,6293.645000,5,6,2506,55
