ts,t_rel_s,power_w,energy_j_this_sec,energy_j_total,gpu_util_percent,mem_util_percent,mem_used_MiB,temp_c
1760407864.052819,0,11.536,0.000000,0.000000,0,0,396,53
1760407865.052815,1,11.553,19.921000,19.921000,0,0,396,53
1760407866.052869,2,11.596,19.257000,39.178000,0,0,396,54
1760407867.052783,3,10.623,18.888000,58.066000,2,0,805,54
1760407868.052783,4,23.466,36.788000,94.854000,8,8,1189,56
1760407869.052782,5,35.050,43.183000,138.037000,8,9,2305,57
1760407870.052785,6,34.596,42.653000,180.690000,6,8,2429,58
1760407871.052787,7,34.608,42.958000,223.648000,7,9,2429,58
1760407872.052808,8,34.692,42.998000,266.646000,7,9,2429,58
1760407873.052830,9,34.622,43.168000,309.814000,7,8,2429,58
1760407874.052831,10,34.499,43.259000,353.073000,5,8,2429,58
1760407875.052831,11,34.385,43.500000,396.573000,6,8,2429,59
1760407876.052788,12,34.207,43.125000,439.698000,6,8,2429,59
1760407877.052831,13,33.981,43.096000,482.794000,7,9,2429,59
1760407878.052831,14,33.952,43.306000,526.100000,6,8,2429,59
1760407879.052831,15,34.115,43.789000,569.889000,6,8,2429,59
1760407880.052828,16,34.279,44.147000,614.036000,7,8,2429,59
1760407881.052834,17,34.472,44.513000,658.549000,6,8,2429,59
1760407882.052786,18,34.624,44.763000,703.312000,7,9,2429,59
1760407883.052826,19,34.647,44.993000,748.305000,7,8,2429,59
1760407884.052829,20,34.796,45.102000,793.407000,7,9,2429,60
1760407885.052833,21,34.868,45.516000,838.923000,6,8,2429,60
1760407886.052783,22,34.798,45.629000,884.552000,6,8,2429,60
1760407887.052825,23,34.952,45.909000,930.461000,5,8,2429,60
1760407888.052826,24,34.940,37.492000,967.953000,6,8,2429,60
1760407889.052800,25,34.813,37.601000,1005.554000,7,9,2429,60
1760407890.052794,26,35.074,37.761000,1043.315000,6,9,2429,61
1760407891.052830,27,34.973,37.695000,1081.010000,6,8,2429,61
1760407892.052831,28,35.017,37.735000,1118.745000,7,9,2429,61
1760407893.052824,29,34.919,37.565000,1156.310000,6,8,2429,61
1760407894.052798,30,34.824,37.624000,1193.934000,6,8,2429,61
1760407895.052830,31,34.775,37.428000,1231.362000,7,9,2429,61
1760407896.052826,32,34.832,37.652000,1269.014000,7,8,2429,61
1760407897.052826,33,35.030,37.753000,1306.767000,6,8,2429,61
1760407898.052826,34,34.952,37.617000,1344.384000,7,9,2429,62
1760407899.052782,35,35.001,37.733000,1382.117000,7,9,2429,62
1760407900.052797,36,35.075,37.680000,1419.797000,7,9,2429,61
1760407901.052830,37,34.832,37.519000,1457.316000,6,8,2429,61
1760407902.052829,38,35.059,37.936000,1495.252000,6,8,2429,61
1760407903.052831,39,35.098,38.009000,1533.261000,6,8,2429,61
1760407904.052778,40,35.168,38.153000,1571.414000,7,9,2429,61
1760407905.052829,41,34.998,38.140000,1609.554000,6,8,2429,61
1760407906.052793,42,34.951,38.662000,1648.216000,6,8,2429,61
1760407907.052826,43,35.438,39.117000,1687.333000,6,8,2429,61
1760407908.052830,44,35.485,39.031000,1726.364000,7,9,2429,61
1760407909.052781,45,35.182,39.071000,1765.435000,7,9,2429,61
1760407910.052831,46,35.179,39.060000,1804.495000,7,9,2429,61
1760407911.052783,47,35.147,39.150000,1843.645000,7,8,2429,61
1760407912.052830,48,34.977,39.208000,1882.853000,7,9,2429,60
1760407913.052796,49,35.070,39.679000,1922.532000,7,9,2429,60
1760407914.052825,50,35.352,39.894000,1962.426000,6,8,2429,60
1760407915.052831,51,34.841,39.716000,2002.142000,5,8,2429,60
1760407916.052829,52,35.050,40.084000,2042.226000,7,8,2429,60
1760407917.052829,53,34.676,39.724000,2081.950000,6,8,2429,60
1760407918.052830,54,34.997,40.428000,2122.378000,7,8,2429,60
1760407919.052794,55,35.093,40.652000,2163.030000,6,8,2429,60
1760407920.052829,56,34.884,40.692000,2203.722000,6,8,2429,60
1760407921.052826,57,34.847,40.676000,2244.398000,6,8,2429,59
1760407922.052827,58,34.819,40.847000,2285.245000,6,8,2429,59
1760407923.052779,59,34.642,40.805000,2326.050000,7,8,2429,59
1760407924.052830,60,34.571,40.962000,2367.012000,6,8,2429,59
1760407925.052831,61,34.571,41.110000,2408.122000,7,9,2429,59
1760407926.052800,62,34.531,41.312000,2449.434000,7,9,2429,59
1760407927.052838,63,34.329,41.161000,2490.595000,7,9,2429,59
1760407928.052830,64,34.337,41.532000,2532.127000,6,8,2429,59
1760407929.052828,65,34.461,41.709000,2573.836000,6,8,2429,59
1760407930.052830,66,34.302,41.873000,2615.709000,6,8,2429,59
1760407931.052829,67,34.275,41.855000,2657.564000,6,8,2429,59
1760407932.052844,68,34.278,41.986000,2699.550000,6,8,2429,58
1760407933.052847,69,34.358,42.243000,2741.793000,7,8,2429,58
1760407934.052861,70,34.292,42.520000,2784.313000,6,8,2429,58
1760407935.052838,71,34.658,43.042000,2827.355000,6,8,2429,58
1760407936.052831,72,34.596,43.138000,2870.493000,7,9,2429,58
1760407937.052831,73,34.683,43.314000,2913.807000,6,8,2429,58
1760407938.052826,74,34.811,43.761000,2957.568000,6,8,2429,58
1760407939.052783,75,34.572,43.361000,3000.929000,7,9,2429,58
1760407940.052795,76,34.522,43.663000,3044.592000,6,8,2429,58
1760407941.052826,77,34.524,43.792000,3088.384000,7,9,2429,58
1760407942.052800,78,34.315,43.773000,3132.157000,7,9,2429,58
1760407943.052779,79,34.380,44.061000,3176.218000,6,8,2429,58
1760407944.052796,80,34.345,44.186000,3220.404000,7,9,2429,58
1760407945.052803,81,34.326,44.459000,3264.863000,6,8,2429,58
1760407946.052829,82,34.501,44.596000,3309.459000,6,8,2429,57
1760407947.052783,83,34.294,44.719000,3354.178000,6,8,2429,57
1760407948.052826,84,34.466,44.987000,3399.165000,6,8,2429,57
1760407949.052830,85,34.195,44.944000,3444.109000,6,8,2429,57
1760407950.052829,86,34.264,45.282000,3489.391000,6,8,2429,57
1760407951.052829,87,34.278,45.295000,3534.686000,6,8,2429,57
1760407952.052827,88,34.284,36.923000,3571.609000,6,8,2539,57
1760407953.052809,89,34.047,36.963000,3608.572000,11,10,2023,57
1760407954.052830,90,34.199,36.801000,3645.373000,6,8,2023,57
1760407955.052775,91,34.160,36.851000,3682.224000,7,8,2023,57
1760407956.052777,92,34.032,36.738000,3718.962000,6,8,2023,57
1760407957.052812,93,34.015,36.735000,3755.697000,7,8,2023,57
1760407958.052809,94,33.886,36.584000,3792.281000,6,8,2133,57
1760407959.052811,95,33.761,36.641000,3828.922000,6,8,1617,57
1760407960.052810,96,34.167,37.135000,3866.057000,11,10,2023,57
1760407961.052811,97,34.554,40.667000,3906.724000,6,8,2038,58
1760407962.052834,98,34.578,31.313000,3938.037000,7,8,2429,58
1760407963.052831,99,33.671,36.441000,3974.478000,7,8,2429,57
1760407964.052830,100,34.233,37.001000,4011.479000,7,8,2429,57
1760407965.052829,101,34.017,36.722000,4048.201000,7,8,2429,57
1760407966.052823,102,34.008,36.884000,4085.085000,7,9,2429,57
1760407967.052828,103,33.812,36.483000,4121.568000,6,8,2429,57
1760407968.052800,104,33.639,40.210000,4161.778000,6,8,2429,57
1760407969.052831,105,33.713,33.853000,4195.631000,6,8,2429,57
1760407970.052803,106,33.494,33.680000,4229.311000,6,8,2429,57
1760407971.052831,107,33.508,34.083000,4263.394000,7,8,2429,57
1760407972.052810,108,33.764,34.411000,4297.805000,7,8,2429,57
1760407973.052803,109,33.719,34.469000,4332.274000,7,9,2429,57
1760407974.052828,110,33.730,34.396000,4366.670000,6,8,2429,57
1760407975.052885,111,33.684,34.725000,4401.395000,6,8,2429,56
1760407976.052810,112,33.821,34.777000,4436.172000,6,8,2429,56
1760407977.052829,113,33.646,34.944000,4471.116000,6,8,2429,56
1760407978.052830,114,33.923,35.362000,4506.478000,7,8,2429,56
1760407979.052829,115,33.816,35.568000,4542.046000,7,9,2429,56
1760407980.052795,116,33.699,35.691000,4577.737000,6,8,2429,56
1760407981.052828,117,33.711,36.032000,4613.769000,7,9,2429,56
1760407982.052781,118,33.375,35.902000,4649.671000,7,8,2429,56
1760407983.052831,119,33.725,36.373000,4686.044000,6,8,2429,56
1760407984.052788,120,33.698,36.248000,4722.292000,6,8,2429,56
1760407985.052828,121,33.553,33.750000,4756.042000,7,9,2429,56
1760407986.052828,122,33.547,33.902000,4789.944000,6,8,2429,56
1760407987.052826,123,33.411,34.158000,4824.102000,6,8,2429,56
1760407988.052779,124,33.570,34.448000,4858.550000,6,8,2429,56
1760407989.052802,125,33.310,34.474000,4893.024000,7,9,2429,56
1760407990.052778,126,33.543,34.585000,4927.609000,7,8,2429,56
1760407991.052824,127,33.168,34.441000,4962.050000,6,8,2429,56
1760407992.052825,128,33.040,34.801000,4996.851000,7,8,2429,56
1760407993.052782,129,33.188,34.983000,5031.834000,6,8,2429,55
1760407994.052831,130,32.941,34.806000,5066.640000,6,8,2429,56
1760407995.052778,131,32.899,35.004000,5101.644000,6,8,2539,55
1760407996.052784,132,33.084,35.517000,5137.161000,7,8,2023,55
1760407997.052811,133,33.107,35.574000,5172.735000,6,8,2023,56
1760407998.052811,134,33.040,35.656000,5208.391000,7,8,2023,55
1760407999.052811,135,32.947,36.078000,5244.469000,6,8,2023,56
1760408000.052810,136,33.857,36.785000,5281.254000,7,8,2023,56
1760408001.052775,137,33.650,37.108000,5318.362000,6,8,2318,56
1760408002.052826,138,33.970,36.971000,5355.333000,6,8,2429,56
1760408003.052829,139,33.790,37.416000,5392.749000,7,8,2429,56
1760408004.052784,140,33.542,37.171000,5429.920000,6,8,2429,56
1760408005.052783,141,33.295,37.194000,5467.114000,6,8,2429,56
1760408006.052829,142,33.633,37.614000,5504.728000,6,8,2429,56
1760408007.052791,143,33.372,37.715000,5542.443000,6,7,2429,56
1760408008.052830,144,33.687,38.003000,5580.446000,6,8,2429,56
1760408009.052829,145,33.214,37.631000,5618.077000,5,7,2429,55
1760408010.052833,146,33.235,38.113000,5656.190000,6,8,2429,55
1760408011.052838,147,33.388,38.344000,5694.534000,6,8,2429,55
1760408012.052830,148,33.433,38.303000,5732.837000,6,8,2429,55
1760408013.052828,149,33.184,38.674000,5771.511000,6,8,2429,55
1760408014.052828,150,33.583,39.081000,5810.592000,6,8,2429,55
1760408015.052830,151,33.579,39.104000,5849.696000,6,8,2429,55
1760408016.052826,152,33.343,36.438000,5886.134000,7,8,2429,55
1760408017.052795,153,33.468,36.857000,5922.991000,6,8,2429,55
1760408018.052838,154,33.343,35.906000,5958.897000,7,8,2429,55
1760408019.052800,155,33.191,38.140000,5997.037000,6,8,2429,55
1760408020.052801,156,33.248,36.281000,6033.318000,7,8,2429,55
1760408021.052780,157,33.203,36.245000,6069.563000,6,8,2429,55
1760408022.052830,158,33.221,36.358000,6105.921000,6,8,2429,55
1760408023.052784,159,33.217,36.186000,6142.107000,6,8,2429,55
1760408024.052831,160,33.067,38.056000,6180.163000,6,8,2429,55
1760408025.052802,161,33.163,36.057000,6216.220000,5,7,2429,55
1760408026.052831,162,33.249,36.234000,6252.454000,6,8,2429,55
1760408027.052830,163,33.144,36.200000,6288.654000,6,7,2429,55
1760408028.052844,164,33.207,37.657000,6326.311000,6,8,2429,55
1760408029.052834,165,33.155,36.096000,6362.407000,6,8,2429,55
1760408030.052783,166,32.966,38.067000,6400.474000,6,8,2429,55
1760408031.052827,167,33.257,36.374000,6436.848000,6,8,2429,55
1760408032.052841,168,33.340,35.956000,6472.804000,6,8,2429,55
1760408033.052831,169,33.100,37.944000,6510.748000,5,7,2429,55
1760408034.052780,170,33.135,36.332000,6547.080000,7,9,2429,54
1760408035.052828,171,33.107,36.661000,6583.741000,5,8,2429,54
1760408036.052828,172,33.365,37.165000,6620.906000,6,8,2429,54
1760408037.052828,173,33.095,37.135000,6658.041000,6,7,2429,54
1760408038.052829,174,33.192,37.066000,6695.107000,6,8,2429,54
1760408039.052830,175,33.217,36.779000,6731.886000,6,8,2429,54
1760408040.052831,176,32.998,37.275000,6769.161000,7,8,2429,54
1760408041.052789,177,33.187,37.493000,6806.654000,7,8,2429,54
1760408042.052830,178,33.101,37.051000,6843.705000,5,8,2429,54
1760408043.052849,179,32.994,37.798000,6881.503000,6,8,2429,54
1760408044.052830,180,33.231,37.991000,6919.494000,6,8,2429,54
1760408045.052801,181,33.013,38.343000,6957.837000,5,8,2429,54
1760408046.052830,182,32.992,37.996000,6995.833000,6,8,2429,54
1760408047.052794,183,33.207,38.683000,7034.516000,7,9,2429,54
1760408048.052789,184,33.210,38.557000,7073.073000,6,8,2429,54
