ts,t_rel_s,power_w,energy_j_this_sec,energy_j_total,gpu_util_percent,mem_util_percent,mem_used_MiB,temp_c
1760821121.278531,0,20.786,0.000000,0.000000,15,7,1366,48
1760821122.278640,1,27.627,35.190000,35.190000,8,7,1934,49
1760821123.278531,2,27.934,34.428000,69.618000,8,7,2502,49
1760821124.278527,3,27.963,33.990000,103.608000,7,7,2502,49
1760821125.278532,4,27.616,34.227000,137.835000,7,7,2502,49
1760821126.278544,5,27.618,34.405000,172.240000,7,7,2496,49
1760821127.278629,6,27.588,34.733000,206.973000,6,6,2496,50
1760821128.278608,7,27.529,34.951000,241.924000,5,6,2496,50
1760821129.278783,8,27.647,35.106000,277.030000,6,6,2496,50
1760821130.278746,9,27.662,35.467000,312.497000,6,7,2496,50
1760821131.278542,10,27.704,35.772000,348.269000,7,7,2496,50
1760821132.278514,11,27.783,35.800000,384.069000,7,7,2496,51
1760821133.278636,12,27.808,35.932000,420.001000,7,7,2496,51
1760821134.278551,13,27.811,36.257000,456.258000,6,7,2496,51
1760821135.278814,14,27.761,36.993000,493.251000,6,6,2496,51
1760821136.278515,15,27.860,36.519000,529.770000,6,7,2496,52
1760821137.278512,16,27.849,36.813000,566.583000,6,6,2496,52
1760821138.278618,17,27.814,37.037000,603.620000,7,7,2496,52
1760821139.278638,18,27.909,37.373000,640.993000,6,7,2496,52
1760821140.278530,19,27.994,37.542000,678.535000,6,7,2496,52
1760821141.278534,20,28.002,37.725000,716.260000,6,7,2496,52
1760821142.278522,21,27.937,38.062000,754.322000,6,6,2496,52
1760821143.278534,22,27.926,38.073000,792.395000,7,7,2496,52
1760821144.278614,23,28.020,38.331000,830.726000,7,7,2496,52
1760821145.278535,24,28.057,38.678000,869.404000,7,7,2496,53
1760821146.278611,25,28.064,38.754000,908.158000,7,7,2496,53
1760821147.278512,26,28.055,38.982000,947.140000,6,7,2496,53
1760821148.278544,27,28.092,39.204000,986.344000,6,7,2496,53
1760821149.278517,28,28.075,39.447000,1025.791000,6,6,2496,53
1760821150.278509,29,28.074,30.823000,1056.614000,7,7,2496,53
1760821151.278510,30,28.133,30.810000,1087.424000,7,7,2496,53
1760821152.278534,31,28.213,30.929000,1118.353000,7,7,2496,53
1760821153.278830,32,28.142,30.781000,1149.134000,6,7,2496,53
1760821154.278519,33,28.130,30.886000,1180.020000,6,6,2496,53
1760821155.278537,34,28.181,31.034000,1211.054000,6,6,2496,53
1760821156.278536,35,28.239,30.970000,1242.024000,6,6,2496,53
1760821157.278537,36,28.243,30.923000,1272.947000,7,7,2496,53
1760821158.278535,37,28.235,30.943000,1303.890000,7,7,2496,54
1760821159.278536,38,28.221,30.984000,1334.874000,7,7,2496,54
1760821160.278509,39,28.247,31.001000,1365.875000,6,7,2496,54
1760821161.278547,40,28.209,30.956000,1396.831000,5,6,2496,54
1760821162.278519,41,28.258,30.887000,1427.718000,7,7,2496,54
1760821163.278537,42,28.274,31.199000,1458.917000,7,7,2496,54
1760821164.278536,43,28.370,31.484000,1490.401000,7,7,2496,54
1760821165.278510,44,28.336,31.744000,1522.145000,7,7,2496,54
1760821166.278538,45,28.276,31.861000,1554.006000,6,6,2496,54
1760821167.278533,46,28.273,31.871000,1585.877000,6,6,2496,54
1760821168.278515,47,28.355,32.017000,1617.894000,6,7,2496,54
1760821169.278527,48,28.376,32.233000,1650.127000,7,7,2496,54
1760821170.278534,49,28.427,32.370000,1682.497000,7,7,2496,54
1760821171.278534,50,28.401,32.673000,1715.170000,7,7,2496,54
1760821172.278528,51,28.411,32.789000,1747.959000,7,7,2496,54
1760821173.278528,52,28.322,32.962000,1780.921000,5,6,2496,55
1760821174.278531,53,28.361,33.195000,1814.116000,6,7,2496,55
1760821175.278535,54,28.434,33.390000,1847.506000,6,7,2496,55
1760821176.278542,55,28.482,33.729000,1881.235000,7,7,2496,55
1760821177.278556,56,28.472,33.777000,1915.012000,7,7,2496,55
1760821178.278529,57,28.344,33.920000,1948.932000,6,6,2496,55
1760821179.278515,58,28.358,34.180000,1983.112000,5,6,2496,55
1760821180.278836,59,28.443,34.302000,2017.414000,6,7,2496,55
1760821181.278552,60,28.433,34.840000,2052.254000,7,7,2496,55
1760821182.278622,61,28.450,34.783000,2087.037000,7,7,2496,55
1760821183.278535,62,28.423,34.897000,2121.934000,6,7,2496,55
1760821184.278552,63,28.435,35.064000,2156.998000,7,7,2496,55
1760821185.278551,64,28.400,35.326000,2192.324000,6,7,2496,55
1760821186.278538,65,28.396,35.550000,2227.874000,7,7,2496,55
1760821187.278517,66,28.521,35.824000,2263.698000,7,7,2496,55
1760821188.278511,67,28.505,35.869000,2299.567000,7,7,2496,55
1760821189.278533,68,28.460,36.009000,2335.576000,6,6,2496,55
1760821190.278518,69,28.412,36.317000,2371.893000,6,6,2496,55
1760821191.278531,70,28.580,36.551000,2408.444000,6,7,2496,55
1760821192.278539,71,28.560,36.708000,2445.152000,6,6,2496,55
1760821193.278627,72,28.482,37.078000,2482.230000,7,7,2496,55
1760821194.278536,73,28.499,37.272000,2519.502000,6,7,2496,55
1760821195.278661,74,28.539,37.466000,2556.968000,7,7,2496,55
1760821196.278541,75,28.507,37.580000,2594.548000,6,6,2496,55
1760821197.278510,76,28.484,37.618000,2632.166000,7,7,2496,55
1760821198.278553,77,28.527,37.801000,2669.967000,7,7,2496,55
1760821199.278597,78,28.597,38.115000,2708.082000,7,7,2496,55
1760821200.278513,79,28.544,38.258000,2746.340000,6,6,2496,55
1760821201.278511,80,28.460,38.408000,2784.748000,6,6,2496,55
1760821202.278542,81,28.456,38.518000,2823.266000,6,7,2496,55
1760821203.278554,82,28.432,38.373000,2861.639000,5,6,2496,55
1760821204.278534,83,26.624,36.990000,2898.629000,6,6,2496,55
1760821205.278560,84,26.831,37.345000,2935.974000,5,6,2496,55
1760821206.278547,85,26.807,37.422000,2973.396000,6,6,2496,55
1760821207.278518,86,26.456,38.135000,3011.531000,4,5,2496,55
1760821208.278555,87,26.629,37.910000,3049.441000,4,5,2496,55
1760821209.278542,88,26.687,29.367000,3078.808000,4,5,2496,55
1760821210.278556,89,26.361,28.930000,3107.738000,4,5,2496,55
1760821211.278515,90,26.229,28.856000,3136.594000,4,5,2496,55
1760821212.278556,91,26.117,28.964000,3165.558000,4,4,2606,55
1760821213.278616,92,26.102,28.695000,3194.253000,3,4,2606,55
1760821214.278544,93,25.956,28.643000,3222.896000,4,5,2606,55
1760821215.278534,94,26.256,29.136000,3252.032000,8,6,1928,55
1760821216.278630,95,26.287,28.954000,3280.986000,3,4,2038,55
1760821217.278512,96,26.765,29.125000,3310.111000,8,7,2606,55
1760821218.278645,97,25.814,29.331000,3339.442000,4,5,2038,55
1760821219.278539,98,27.230,29.341000,3368.783000,12,8,1360,55
1760821220.278615,99,26.675,32.482000,3401.265000,6,6,1360,55
1760821221.278528,100,28.491,26.735000,3428.000000,6,7,2233,55
1760821222.278544,101,29.344,32.032000,3460.032000,6,7,2496,55
1760821223.278512,102,28.721,31.821000,3491.853000,7,7,2496,55
1760821224.278765,103,28.693,31.946000,3523.799000,7,7,2496,55
1760821225.278527,104,28.597,32.394000,3556.193000,6,7,2496,55
1760821226.278543,105,28.617,32.183000,3588.376000,5,6,2496,55
1760821227.278618,106,28.597,32.279000,3620.655000,5,6,2496,55
1760821228.278560,107,28.644,32.510000,3653.165000,7,7,2496,55
1760821229.278630,108,28.681,32.725000,3685.890000,7,7,2496,55
1760821230.278515,109,28.633,32.885000,3718.775000,7,7,2496,55
1760821231.278511,110,28.653,33.068000,3751.843000,6,7,2496,55
1760821232.278532,111,28.613,36.050000,3787.893000,6,7,2496,55
1760821233.278618,112,28.598,28.724000,3816.617000,7,7,2496,56
1760821234.278620,113,28.659,28.991000,3845.608000,7,7,2496,55
1760821235.278640,114,28.749,28.855000,3874.463000,7,7,2496,55
1760821236.278528,115,28.713,28.993000,3903.456000,7,7,2496,56
1760821237.278924,116,28.639,29.188000,3932.644000,6,7,2496,55
1760821238.278545,117,28.571,29.737000,3962.381000,5,6,2496,55
1760821239.278516,118,28.671,29.623000,3992.004000,6,7,2496,56
1760821240.278536,119,28.653,29.709000,4021.713000,7,7,2496,56
1760821241.278601,120,28.708,29.984000,4051.697000,7,7,2496,56
1760821242.278530,121,28.665,30.391000,4082.088000,7,7,2496,56
1760821243.278546,122,28.683,30.660000,4112.748000,7,7,2496,56
1760821244.278546,123,28.678,30.654000,4143.402000,7,7,2496,56
1760821245.278527,124,28.697,30.653000,4174.055000,7,7,2496,56
1760821246.278538,125,28.701,30.897000,4204.952000,7,7,2496,56
1760821247.278510,126,28.771,31.165000,4236.117000,7,7,2496,56
1760821248.278527,127,28.648,31.265000,4267.382000,6,7,2496,56
1760821249.278555,128,28.651,31.583000,4298.965000,6,7,2496,56
1760821250.278534,129,28.715,31.774000,4330.739000,6,7,2496,56
1760821251.278514,130,28.752,31.884000,4362.623000,7,7,2496,56
1760821252.278533,131,28.711,31.993000,4394.616000,6,7,2496,56
1760821253.278532,132,28.656,32.288000,4426.904000,6,7,2496,56
1760821254.278528,133,28.679,32.577000,4459.481000,6,7,2496,56
1760821255.278515,134,28.674,32.756000,4492.237000,6,6,2496,56
1760821256.278510,135,28.646,32.884000,4525.121000,7,7,2496,56
1760821257.278511,136,28.629,32.983000,4558.104000,7,7,2496,56
1760821258.278552,137,28.642,33.094000,4591.198000,8,7,2496,56
1760821259.278541,138,28.638,33.298000,4624.496000,7,7,2496,56
1760821260.278525,139,28.614,33.676000,4658.172000,6,7,2496,56
1760821261.278531,140,28.773,33.845000,4692.017000,7,7,2496,56
1760821262.278546,141,28.818,34.187000,4726.204000,7,7,2496,56
1760821263.278532,142,28.789,34.331000,4760.535000,7,7,2496,56
1760821264.278537,143,28.750,34.506000,4795.041000,6,6,2496,56
1760821265.278527,144,28.730,34.652000,4829.693000,6,6,2496,56
1760821266.278535,145,28.708,34.922000,4864.615000,5,6,2496,56
1760821267.278533,146,28.745,31.404000,4896.019000,6,6,2496,56
1760821268.278531,147,28.747,31.440000,4927.459000,7,7,2496,56
1760821269.278526,148,28.771,31.461000,4958.920000,7,7,2496,56
1760821270.278543,149,28.808,31.539000,4990.459000,7,7,2496,56
1760821271.278519,150,28.762,31.554000,5022.013000,6,6,2496,56
1760821272.278533,151,28.780,31.494000,5053.507000,7,7,2496,56
1760821273.278530,152,28.773,31.534000,5085.041000,7,7,2496,56
1760821274.278511,153,28.818,31.437000,5116.478000,7,7,2496,56
1760821275.278556,154,28.783,31.361000,5147.839000,7,7,2496,56
1760821276.278531,155,28.745,31.414000,5179.253000,6,7,2496,56
1760821277.278554,156,28.708,31.440000,5210.693000,6,6,2496,56
1760821278.278514,157,28.732,31.490000,5242.183000,6,7,2496,56
1760821279.278533,158,28.788,31.367000,5273.550000,7,7,2496,56
1760821280.278529,159,28.805,31.587000,5305.137000,6,7,2496,56
1760821281.278509,160,28.724,31.668000,5336.805000,7,7,2496,56
1760821282.278511,161,28.767,31.892000,5368.697000,6,7,2496,56
1760821283.278527,162,28.703,32.042000,5400.739000,7,7,2496,56
1760821284.278514,163,28.797,32.367000,5433.106000,7,7,2496,56
1760821285.278531,164,28.822,32.425000,5465.531000,7,7,2496,56
1760821286.278534,165,28.873,32.439000,5497.970000,8,7,2496,56
1760821287.278602,166,28.740,32.669000,5530.639000,6,6,2496,56
1760821288.278547,167,28.739,32.798000,5563.437000,6,7,2496,56
1760821289.278538,168,28.837,33.044000,5596.481000,7,7,2496,56
1760821290.278537,169,28.853,33.354000,5629.835000,7,7,2496,56
1760821291.278533,170,28.838,33.496000,5663.331000,5,6,2496,56
1760821292.278514,171,28.762,33.538000,5696.869000,6,6,2496,56
1760821293.278527,172,28.731,33.789000,5730.658000,5,6,2496,56
1760821294.278704,173,28.775,34.018000,5764.676000,6,6,2496,56
1760821295.278541,174,28.820,34.164000,5798.840000,7,7,2496,56
1760821296.278525,175,28.782,34.334000,5833.174000,7,7,2496,56
1760821297.278531,176,28.455,33.860000,5867.034000,6,6,2496,56
1760821298.278629,177,27.692,33.596000,5900.630000,5,6,2496,56
1760821299.278511,178,27.752,33.929000,5934.559000,5,6,2496,56
1760821300.278525,179,26.897,33.065000,5967.624000,5,6,2496,56
1760821301.278534,180,27.792,35.167000,6002.791000,10,9,2496,56
1760821302.278537,181,29.209,35.455000,6038.246000,5,6,2496,56
1760821303.278535,182,26.813,33.622000,6071.868000,4,5,2496,56
1760821304.278535,183,27.658,34.789000,6106.657000,6,6,2496,56
1760821305.278532,184,26.529,33.895000,6140.552000,6,7,2606,56
