ts,t_rel_s,power_w,energy_j_this_sec,energy_j_total,gpu_util_percent,mem_util_percent,mem_used_MiB,temp_c
1760309793.307869,0,25.771,0.000000,0.000000,6,8,899,48
1760309794.307894,1,29.696,34.360000,34.360000,10,9,1736,49
1760309795.308053,2,28.508,32.487000,66.847000,6,9,1899,49
1760309796.307889,3,30.106,34.685000,101.532000,7,8,2399,50
1760309797.308268,4,30.701,35.283000,136.815000,7,8,2899,51
1760309798.307983,5,28.971,33.849000,170.664000,7,9,2899,50
1760309799.308026,6,30.382,35.394000,206.058000,7,8,2899,51
1760309800.308021,7,30.430,35.599000,241.657000,6,8,2899,50
1760309801.308141,8,30.176,35.683000,277.340000,7,8,2899,50
1760309802.307970,9,30.360,36.176000,313.516000,6,8,2899,51
1760309803.307988,10,30.027,35.713000,349.229000,7,9,2899,51
1760309804.308222,11,29.054,35.293000,384.522000,7,8,2899,51
1760309805.307933,12,29.211,35.525000,420.047000,7,8,2899,51
1760309806.308231,13,30.694,37.192000,457.239000,8,9,2899,51
1760309807.307869,14,30.509,37.145000,494.384000,8,8,2899,51
1760309808.308089,15,30.331,36.900000,531.284000,7,8,2899,51
1760309809.308019,16,28.976,35.793000,567.077000,7,8,2899,51
1760309810.307914,17,29.475,36.358000,603.435000,6,9,2899,51
1760309811.308021,18,29.992,37.444000,640.879000,7,8,2899,51
1760309812.307905,19,30.673,38.207000,679.086000,7,8,2899,52
1760309813.307994,20,30.237,37.830000,716.916000,6,9,2899,52
1760309814.308317,21,29.472,37.408000,754.324000,6,8,2899,52
1760309815.307901,22,30.308,38.538000,792.862000,7,9,2899,52
1760309816.308028,23,29.610,37.976000,830.838000,6,8,2899,52
1760309817.307888,24,29.807,38.281000,869.119000,7,9,2899,52
1760309818.307897,25,29.086,37.795000,906.914000,8,9,2899,52
1760309819.308001,26,29.235,37.863000,944.777000,7,8,2899,52
1760309820.307910,27,30.437,39.342000,984.119000,8,9,2899,52
1760309821.308171,28,30.417,39.548000,1023.667000,6,8,2899,52
1760309822.308026,29,30.545,40.027000,1063.694000,7,8,2899,52
1760309823.308280,30,30.799,40.488000,1104.182000,7,8,2899,53
1760309824.307897,31,30.813,40.738000,1144.920000,6,8,2899,53
1760309825.308129,32,30.615,40.400000,1185.320000,6,8,2899,53
1760309826.307898,33,30.755,40.926000,1226.246000,8,9,2899,53
1760309827.307890,34,30.703,41.030000,1267.276000,7,9,2899,53
1760309828.308040,35,30.949,41.124000,1308.400000,7,8,2899,53
1760309829.308177,36,31.312,42.007000,1350.407000,8,9,2899,53
1760309830.307893,37,31.652,42.555000,1392.962000,7,9,2899,53
1760309831.307893,38,31.712,42.651000,1435.613000,7,8,2899,53
1760309832.308048,39,31.439,34.184000,1469.797000,6,8,2899,53
1760309833.307868,40,31.194,34.343000,1504.140000,7,8,2899,53
1760309834.308154,41,31.270,34.076000,1538.216000,7,8,2899,53
1760309835.307986,42,31.346,34.239000,1572.455000,6,8,2899,53
1760309836.308336,43,31.319,34.262000,1606.717000,7,8,2899,54
1760309837.308230,44,29.639,32.630000,1639.347000,6,9,2899,53
1760309838.308194,45,30.083,33.264000,1672.611000,7,9,2899,53
1760309839.307962,46,29.411,32.298000,1704.909000,7,8,2899,53
1760309840.307971,47,29.699,32.494000,1737.403000,7,8,2899,54
1760309841.308302,48,29.081,31.698000,1769.101000,6,9,2899,54
1760309842.307990,49,29.194,32.156000,1801.257000,6,8,2899,54
1760309843.307886,50,28.903,32.094000,1833.351000,6,7,2899,54
1760309844.307893,51,29.056,31.999000,1865.350000,5,7,2899,54
1760309845.308012,52,29.065,31.923000,1897.273000,8,8,2899,54
1760309846.308081,53,29.397,32.109000,1929.382000,6,8,2899,54
1760309847.307994,54,30.630,33.972000,1963.354000,6,8,2899,54
1760309848.308055,55,31.252,34.680000,1998.034000,7,8,2899,54
1760309849.307998,56,30.953,34.399000,2032.433000,7,8,2899,54
1760309850.308035,57,30.622,34.246000,2066.679000,6,8,2899,54
1760309851.308196,58,29.767,33.478000,2100.157000,7,9,2899,54
1760309852.308013,59,31.475,35.484000,2135.641000,7,8,2899,54
1760309853.308228,60,31.393,35.076000,2170.717000,7,8,2899,54
1760309854.308110,61,30.291,34.320000,2205.037000,7,9,2899,54
1760309855.307976,62,29.773,34.398000,2239.435000,6,8,2899,54
1760309856.308118,63,30.382,34.866000,2274.301000,7,9,2899,54
1760309857.308254,64,31.002,36.029000,2310.330000,8,9,2899,54
1760309858.307870,65,31.542,36.421000,2346.751000,8,9,2899,54
1760309859.307888,66,31.503,36.540000,2383.291000,6,8,2899,54
1760309860.307868,67,31.697,37.002000,2420.293000,8,9,2899,54
1760309861.307983,68,31.369,36.650000,2456.943000,6,8,2899,54
1760309862.307900,69,30.323,35.924000,2492.867000,6,8,2899,54
1760309863.308016,70,31.348,37.207000,2530.074000,5,7,2899,55
1760309864.307896,71,31.638,37.850000,2567.924000,7,8,2899,55
1760309865.308028,72,31.268,37.584000,2605.508000,7,8,2899,54
1760309866.307998,73,29.555,35.904000,2641.412000,6,8,2899,55
1760309867.307988,74,29.497,35.985000,2677.397000,6,9,2899,54
1760309868.308003,75,30.437,37.603000,2715.000000,6,8,2899,55
1760309869.307894,76,31.250,38.466000,2753.466000,7,8,2899,55
1760309870.308167,77,31.431,38.568000,2792.034000,6,8,2899,55
1760309871.308002,78,31.499,39.044000,2831.078000,6,8,2899,55
1760309872.308398,79,31.534,39.203000,2870.281000,7,9,2899,55
1760309873.307891,80,31.535,39.522000,2909.803000,7,8,2899,55
1760309874.307900,81,31.458,39.203000,2949.006000,7,8,2899,55
1760309875.307870,82,31.479,39.608000,2988.614000,7,9,2899,55
1760309876.308040,83,31.432,39.601000,3028.215000,7,9,2899,55
1760309877.308105,84,31.317,39.889000,3068.104000,6,8,2899,55
1760309878.308046,85,31.384,40.252000,3108.356000,7,8,2899,55
1760309879.307976,86,31.395,40.358000,3148.714000,7,8,2899,55
1760309880.307868,87,31.228,40.191000,3188.905000,6,8,2899,55
1760309881.307997,88,31.144,40.350000,3229.255000,6,8,2899,55
1760309882.308059,89,30.943,40.526000,3269.781000,7,9,2899,55
1760309883.308117,90,30.774,40.359000,3310.140000,7,8,2899,55
1760309884.308001,91,30.692,40.552000,3350.692000,7,8,2899,55
1760309885.308082,92,30.897,40.983000,3391.675000,8,9,2899,55
1760309886.308011,93,31.321,41.569000,3433.244000,8,9,2899,55
1760309887.307892,94,31.539,45.171000,3478.415000,7,8,2899,55
1760309888.307874,95,31.537,31.560000,3509.975000,7,8,2899,55
1760309889.308018,96,31.409,31.441000,3541.416000,8,9,2899,55
1760309890.307898,97,31.418,31.706000,3573.122000,7,9,2899,55
1760309891.308255,98,31.330,31.635000,3604.757000,6,8,2899,55
1760309892.308120,99,31.358,35.005000,3639.762000,6,8,2899,55
1760309893.308237,100,31.341,35.184000,3674.946000,8,9,2899,55
1760309894.307871,101,31.309,34.943000,3709.889000,8,9,2899,55
1760309895.307978,102,31.529,35.087000,3744.976000,7,8,2899,55
1760309896.307971,103,31.606,35.282000,3780.258000,7,8,2899,55
1760309897.308002,104,31.358,35.050000,3815.308000,7,8,2899,55
1760309898.308015,105,31.258,34.902000,3850.210000,7,8,2899,55
1760309899.308079,106,31.358,35.029000,3885.239000,7,9,2899,55
1760309900.307980,107,31.729,35.285000,3920.524000,7,8,2899,55
1760309901.308219,108,31.673,35.224000,3955.748000,7,8,2899,55
1760309902.308208,109,31.684,35.273000,3991.021000,7,8,2899,55
1760309903.308014,110,31.633,35.309000,4026.330000,7,8,2899,55
1760309904.308006,111,31.548,35.138000,4061.468000,6,8,2899,55
1760309905.308366,112,31.280,34.949000,4096.417000,7,8,2899,55
1760309906.308022,113,31.122,34.706000,4131.123000,7,9,2899,55
1760309907.308033,114,31.221,34.748000,4165.871000,7,8,2899,55
1760309908.307870,115,31.243,34.779000,4200.650000,6,8,2899,55
1760309909.308027,116,30.927,34.696000,4235.346000,7,8,2899,55
1760309910.308305,117,30.161,30.308000,4265.654000,8,10,3009,55
1760309911.308022,118,30.878,31.715000,4297.369000,10,9,2399,55
1760309912.307891,119,30.481,30.488000,4327.857000,7,9,2399,55
1760309913.307908,120,29.438,30.412000,4358.269000,6,7,2399,55
1760309914.307909,121,29.538,30.623000,4388.892000,6,7,2399,56
1760309915.308051,122,31.087,32.267000,4421.159000,6,8,2899,56
1760309916.307880,123,28.779,30.494000,4451.653000,6,7,2899,55
1760309917.308024,124,28.544,30.495000,4482.148000,6,8,3009,55
1760309918.308428,125,30.107,31.746000,4513.894000,8,9,2399,55
1760309919.307870,126,31.005,33.491000,4547.385000,6,8,2399,55
1760309920.307902,127,31.372,33.804000,4581.189000,6,8,2399,55
1760309921.307883,128,29.703,31.694000,4612.883000,7,8,2399,55
1760309922.307995,129,30.409,32.986000,4645.869000,7,8,2899,55
1760309923.307894,130,31.004,33.801000,4679.670000,7,8,2899,56
1760309924.307994,131,31.528,34.651000,4714.321000,7,9,2899,55
1760309925.308143,132,31.302,34.356000,4748.677000,8,9,2899,55
1760309926.308056,133,31.026,34.374000,4783.051000,7,9,2899,55
1760309927.307976,134,29.850,33.408000,4816.459000,7,8,2899,55
1760309928.307990,135,31.564,35.418000,4851.877000,7,9,2899,55
1760309929.308157,136,31.573,35.449000,4887.326000,6,8,2899,55
1760309930.307871,137,31.558,35.630000,4922.956000,8,9,2899,55
1760309931.308317,138,31.413,35.731000,4958.687000,7,9,2899,55
1760309932.308275,139,31.298,35.912000,4994.599000,7,9,2899,55
1760309933.308033,140,29.927,34.121000,5028.720000,6,9,2899,55
1760309934.308008,141,29.397,34.715000,5063.435000,6,8,2899,55
1760309935.307889,142,28.604,33.480000,5096.915000,7,8,2899,55
1760309936.308015,143,29.481,34.729000,5131.644000,6,8,2899,55
1760309937.308030,144,30.826,36.008000,5167.652000,6,8,2899,55
1760309938.308004,145,28.859,34.566000,5202.218000,6,8,2899,55
1760309939.307969,146,29.511,34.634000,5236.852000,8,9,2899,55
1760309940.307999,147,29.393,35.898000,5272.750000,5,8,2899,55
1760309941.308218,148,29.584,36.063000,5308.813000,8,9,2899,55
1760309942.308025,149,31.413,37.977000,5346.790000,7,8,2899,55
1760309943.307994,150,31.249,37.860000,5384.650000,5,7,2899,55
1760309944.308001,151,29.082,35.899000,5420.549000,6,8,2899,55
1760309945.307889,152,31.031,37.565000,5458.114000,7,8,2899,55
1760309946.308053,153,31.191,38.535000,5496.649000,8,9,2899,55
1760309947.308077,154,31.369,38.568000,5535.217000,8,9,2899,55
1760309948.308020,155,30.184,36.987000,5572.204000,8,10,2899,55
1760309949.307973,156,29.408,37.521000,5609.725000,7,8,2899,55
1760309950.308069,157,29.480,37.483000,5647.208000,9,9,2899,55
1760309951.308055,158,30.788,34.905000,5682.113000,8,9,2899,55
1760309952.307988,159,30.735,35.182000,5717.295000,8,9,2899,55
1760309953.307891,160,30.920,34.989000,5752.284000,7,9,2899,55
1760309954.307868,161,30.936,34.971000,5787.255000,6,8,2899,55
1760309955.308301,162,30.857,35.813000,5823.068000,7,8,2899,55
1760309956.307993,163,30.867,35.003000,5858.071000,7,8,2899,55
1760309957.308263,164,30.832,34.834000,5892.905000,5,8,2899,55
1760309958.307907,165,30.874,35.075000,5927.980000,7,8,2899,55
1760309959.307908,166,30.223,33.899000,5961.879000,7,9,2899,55
1760309960.308268,167,28.753,33.295000,5995.174000,5,7,2899,55
1760309961.307974,168,29.297,33.991000,6029.165000,6,8,2899,55
1760309962.307971,169,29.228,33.999000,6063.164000,6,8,3009,55
1760309963.308017,170,30.333,34.710000,6097.874000,7,8,2399,55
1760309964.308002,171,30.988,33.885000,6131.759000,7,8,2399,55
1760309965.308004,172,30.156,34.320000,6166.079000,9,9,2509,56
1760309966.308591,173,31.241,35.169000,6201.248000,9,8,2399,56
1760309967.307896,174,28.745,33.676000,6234.924000,6,8,2350,56
1760309968.307883,175,30.330,34.781000,6269.705000,6,8,1899,56
1760309969.308043,176,28.395,34.320000,6304.025000,6,7,1899,56
1760309970.308070,177,30.440,35.408000,6339.433000,8,9,2722,56
1760309971.308133,178,30.212,36.664000,6376.097000,6,7,2899,56
1760309972.307870,179,30.961,35.952000,6412.049000,8,9,2899,56
1760309973.307897,180,31.418,36.358000,6448.407000,8,9,2899,55
1760309974.307999,181,31.432,36.043000,6484.450000,8,8,2899,55
1760309975.307974,182,31.640,36.346000,6520.796000,6,8,2899,55
1760309976.307990,183,30.027,34.979000,6555.775000,5,8,2899,55
1760309977.307910,184,30.192,36.481000,6592.256000,6,8,2899,55
