ts,t_rel_s,power_w,energy_j_this_sec,energy_j_total,gpu_util_percent,mem_util_percent,mem_used_MiB,temp_c
1760322592.697100,0,11.799,0.000000,0.000000,2,0,863,53
1760322593.697096,1,27.699,38.937000,38.937000,8,9,1399,55
1760322594.697139,2,34.919,44.121000,83.058000,9,10,1728,56
1760322595.697107,3,35.683,44.864000,127.922000,9,10,2202,57
1760322596.697111,4,36.014,45.082000,173.004000,8,9,2871,57
1760322597.697127,5,34.147,43.538000,216.542000,7,9,2899,57
1760322598.697140,6,35.114,44.987000,261.529000,8,9,2899,57
1760322599.697089,7,35.349,45.164000,306.693000,8,9,2899,57
1760322600.697140,8,35.090,44.887000,351.580000,6,8,2899,58
1760322601.697110,9,35.149,45.398000,396.978000,7,9,2899,58
1760322602.697104,10,34.941,45.396000,442.374000,7,9,2899,58
1760322603.697141,11,34.287,44.667000,487.041000,7,8,2899,58
1760322604.697096,12,34.462,45.274000,532.315000,6,8,2899,58
1760322605.697144,13,34.729,45.503000,577.818000,7,8,2899,58
1760322606.697138,14,34.860,46.208000,624.026000,7,9,2899,59
1760322607.697089,15,35.193,37.889000,661.915000,8,9,2899,59
1760322608.697142,16,35.454,38.146000,700.061000,8,9,2899,59
1760322609.697185,17,35.185,37.898000,737.959000,7,8,2899,59
1760322610.697113,18,35.068,37.828000,775.787000,7,8,2899,59
1760322611.697139,19,35.178,37.898000,813.685000,6,8,2899,59
1760322612.697139,20,35.362,38.195000,851.880000,7,9,2899,59
1760322613.697154,21,34.957,37.630000,889.510000,7,9,2899,59
1760322614.697142,22,34.964,37.766000,927.276000,7,8,2899,60
1760322615.697091,23,35.355,38.079000,965.355000,8,9,2899,60
1760322616.697090,24,35.379,38.084000,1003.439000,7,9,2899,60
1760322617.697112,25,35.141,38.009000,1041.448000,7,9,2899,60
1760322618.697140,26,35.092,37.785000,1079.233000,6,8,2899,60
1760322619.697095,27,34.472,37.287000,1116.520000,7,9,2899,60
1760322620.697140,28,34.760,37.448000,1153.968000,6,8,2899,61
1760322621.697145,29,35.031,37.923000,1191.891000,7,9,2899,61
1760322622.697141,30,35.086,41.411000,1233.302000,6,8,2899,61
1760322623.697089,31,35.147,35.642000,1268.944000,7,9,2899,61
1760322624.697109,32,35.540,35.651000,1304.595000,7,9,2899,61
1760322625.697139,33,35.472,36.032000,1340.627000,7,9,2899,61
1760322626.697112,34,35.886,36.158000,1376.785000,7,9,2899,61
1760322627.697140,35,35.507,36.367000,1413.152000,7,9,2899,61
1760322628.697112,36,35.522,36.008000,1449.160000,6,8,2899,62
1760322629.697090,37,35.185,35.983000,1485.143000,7,8,2899,62
1760322630.697376,38,35.376,36.302000,1521.445000,7,8,2899,61
1760322631.697111,39,35.890,37.208000,1558.653000,7,9,2899,62
1760322632.697113,40,36.485,37.789000,1596.442000,7,9,2899,61
1760322633.697139,41,36.589,37.825000,1634.267000,6,8,2899,62
1760322634.697139,42,35.482,37.438000,1671.705000,7,9,2899,61
1760322635.697092,43,35.776,37.903000,1709.608000,6,8,2899,61
1760322636.697100,44,35.338,37.382000,1746.990000,7,8,2899,61
1760322637.697092,45,35.444,37.911000,1784.901000,8,9,2899,61
1760322638.697138,46,35.009,37.279000,1822.180000,7,10,2899,61
1760322639.697139,47,35.620,36.071000,1858.251000,6,8,2899,61
1760322640.697140,48,35.422,35.823000,1894.074000,6,8,2899,61
1760322641.697139,49,35.715,36.269000,1930.343000,7,9,2899,61
1760322642.697163,50,35.375,36.013000,1966.356000,6,8,2899,60
1760322643.697105,51,35.523,36.584000,2002.940000,7,8,2899,60
1760322644.697143,52,35.304,36.296000,2039.236000,6,8,2899,60
1760322645.697113,53,34.384,35.692000,2074.928000,5,7,2899,60
1760322646.697088,54,35.224,36.720000,2111.648000,7,8,2899,60
1760322647.697113,55,34.547,36.179000,2147.827000,7,9,2899,60
1760322648.697110,56,35.474,37.094000,2184.921000,6,8,2899,60
1760322649.697093,57,34.827,36.983000,2221.904000,8,9,2899,60
1760322650.697093,58,35.259,37.299000,2259.203000,7,8,2899,60
1760322651.697134,59,34.267,36.118000,2295.321000,6,9,2899,59
1760322652.697141,60,34.432,37.464000,2332.785000,7,9,2899,59
1760322653.697140,61,35.384,38.250000,2371.035000,7,9,2899,59
1760322654.697115,62,35.420,38.170000,2409.205000,6,8,2899,59
1760322655.697143,63,35.493,38.612000,2447.817000,7,9,2899,59
1760322656.697142,64,35.283,38.455000,2486.272000,6,8,2899,59
1760322657.697144,65,35.773,39.427000,2525.699000,7,9,2899,59
1760322658.697141,66,35.503,39.019000,2564.718000,5,7,2899,59
1760322659.697105,67,35.697,39.867000,2604.585000,7,9,2899,59
1760322660.697113,68,35.862,39.532000,2644.117000,6,8,2899,59
1760322661.697140,69,35.613,39.889000,2684.006000,7,9,2899,59
1760322662.697103,70,35.895,40.011000,2724.017000,7,9,2899,59
1760322663.697141,71,35.081,39.607000,2763.624000,7,9,2899,58
1760322664.697137,72,35.533,40.139000,2803.763000,6,8,2899,59
1760322665.697143,73,35.118,40.005000,2843.768000,7,9,2899,58
1760322666.697091,74,35.846,40.737000,2884.505000,8,9,2899,58
1760322667.697140,75,35.825,40.856000,2925.361000,6,8,2899,58
1760322668.697111,76,35.738,41.181000,2966.542000,8,9,2899,58
1760322669.697115,77,35.527,40.637000,3007.179000,6,8,2899,58
1760322670.697113,78,35.080,40.725000,3047.904000,8,9,2899,58
1760322671.697105,79,35.151,38.373000,3086.277000,6,8,2899,58
1760322672.697094,80,35.271,37.913000,3124.190000,6,8,2899,58
1760322673.697095,81,35.295,40.232000,3164.422000,7,9,2899,58
1760322674.697217,82,35.132,39.847000,3204.269000,6,8,2899,58
1760322675.697108,83,35.170,38.270000,3242.539000,7,9,2899,58
1760322676.697094,84,35.347,38.287000,3280.826000,7,8,2899,58
1760322677.697142,85,34.950,39.946000,3320.772000,7,9,2899,58
1760322678.697142,86,34.528,39.295000,3360.067000,5,7,2899,58
1760322679.697136,87,34.950,39.471000,3399.538000,7,9,2899,58
1760322680.697128,88,34.852,37.964000,3437.502000,7,9,2899,57
1760322681.697143,89,35.051,37.969000,3475.471000,7,9,2899,58
1760322682.697143,90,34.897,37.712000,3513.183000,7,9,2899,57
1760322683.697141,91,34.647,39.498000,3552.681000,6,8,2899,58
1760322684.697143,92,34.798,38.049000,3590.730000,7,9,2899,57
1760322685.697094,93,34.449,39.384000,3630.114000,6,7,2899,57
1760322686.697112,94,34.778,37.680000,3667.794000,7,9,2899,57
1760322687.697143,95,34.396,39.075000,3706.869000,6,8,2899,57
1760322688.697139,96,34.400,37.623000,3744.492000,5,7,2899,57
1760322689.697150,97,34.438,37.429000,3781.921000,6,8,2899,57
1760322690.697105,98,34.133,39.061000,3820.982000,6,7,2899,57
1760322691.697136,99,34.451,38.361000,3859.343000,7,8,2899,57
1760322692.697141,100,34.433,38.246000,3897.589000,6,8,2899,57
1760322693.697141,101,34.828,39.302000,3936.891000,7,9,2899,57
1760322694.697093,102,34.875,39.568000,3976.459000,6,8,2899,57
1760322695.697112,103,34.790,39.789000,4016.248000,7,9,2899,57
1760322696.697140,104,34.276,38.522000,4054.770000,7,9,2899,57
1760322697.697147,105,34.616,39.258000,4094.028000,6,8,2899,57
1760322698.697095,106,34.970,39.553000,4133.581000,7,8,2899,57
1760322699.697144,107,34.787,39.696000,4173.277000,8,9,2899,57
1760322700.697095,108,34.951,39.443000,4212.720000,6,8,2899,57
1760322701.697094,109,34.603,40.286000,4253.006000,7,9,2899,56
1760322702.697102,110,34.778,40.055000,4293.061000,6,8,2899,57
1760322703.697136,111,34.262,40.024000,4333.085000,7,9,2899,56
1760322704.697090,112,34.727,40.390000,4373.475000,7,9,2899,56
1760322705.697143,113,34.446,40.436000,4413.911000,8,9,2899,56
1760322706.697146,114,34.757,40.870000,4454.781000,8,9,2899,56
1760322707.697103,115,34.330,39.970000,4494.751000,6,8,2899,56
1760322708.697147,116,34.370,40.930000,4535.681000,8,9,2899,56
1760322709.697113,117,34.005,40.512000,4576.193000,5,7,2899,56
1760322710.697094,118,32.728,39.631000,4615.824000,6,8,3009,56
1760322711.697143,119,34.528,41.700000,4657.524000,7,8,2399,56
1760322712.697110,120,33.024,40.327000,4697.851000,6,8,2399,56
1760322713.697093,121,34.057,41.578000,4739.429000,7,9,2399,56
1760322714.697093,122,34.656,41.773000,4781.202000,7,8,2899,56
1760322715.697092,123,34.382,41.762000,4822.964000,6,8,3009,56
1760322716.697092,124,32.654,40.386000,4863.350000,6,8,3009,56
1760322717.697093,125,34.195,42.172000,4905.522000,7,8,2399,56
1760322718.697112,126,33.623,41.408000,4946.930000,9,9,2728,56
1760322719.697094,127,34.818,43.320000,4990.250000,7,9,2899,56
1760322720.697110,128,34.671,42.816000,5033.066000,6,8,2899,56
1760322721.697092,129,33.145,41.231000,5074.297000,6,8,2899,56
1760322722.697147,130,34.631,43.642000,5117.939000,7,9,2899,56
1760322723.697096,131,34.535,43.506000,5161.445000,6,8,2899,56
1760322724.697095,132,34.343,43.621000,5205.066000,7,8,2899,56
1760322725.697147,133,34.587,44.038000,5249.104000,7,8,2899,56
1760322726.697140,134,34.397,43.847000,5292.951000,5,8,2899,56
1760322727.697093,135,34.470,44.322000,5337.273000,7,8,2899,56
1760322728.697141,136,34.267,43.661000,5380.934000,6,8,2899,56
1760322729.697138,137,33.184,43.342000,5424.276000,6,8,2899,56
1760322730.697164,138,34.315,44.557000,5468.833000,6,8,2899,56
1760322731.697092,139,33.484,44.068000,5512.901000,7,8,2899,56
1760322732.697143,140,34.703,45.337000,5558.238000,7,9,2899,56
1760322733.697140,141,34.638,45.356000,5603.594000,7,8,2899,56
1760322734.697090,142,34.411,37.065000,5640.659000,6,8,2899,56
1760322735.697140,143,34.746,37.525000,5678.184000,7,9,2899,56
1760322736.697139,144,34.642,37.328000,5715.512000,7,8,2899,55
1760322737.697140,145,33.239,35.911000,5751.423000,6,8,2899,56
1760322738.697094,146,34.253,36.896000,5788.319000,7,8,2899,55
1760322739.697140,147,34.188,36.977000,5825.296000,7,8,2899,55
1760322740.697104,148,34.034,36.635000,5861.931000,6,8,2899,55
1760322741.697092,149,34.210,36.899000,5898.830000,7,8,2899,55
1760322742.697090,150,34.398,37.260000,5936.090000,7,9,2899,55
1760322743.697097,151,34.492,37.164000,5973.254000,6,8,2899,55
1760322744.697090,152,34.296,37.039000,6010.293000,7,9,2899,55
1760322745.697094,153,34.563,37.345000,6047.638000,7,8,2899,55
1760322746.697101,154,34.307,36.860000,6084.498000,7,9,2899,55
1760322747.697113,155,32.830,35.518000,6120.016000,7,8,2899,55
1760322748.697093,156,33.967,36.593000,6156.609000,6,8,2899,55
1760322749.697094,157,32.958,35.667000,6192.276000,7,8,2899,55
1760322750.697090,158,32.950,35.875000,6228.151000,7,8,2899,55
1760322751.697092,159,34.351,37.825000,6265.976000,7,8,2899,55
1760322752.697094,160,34.664,38.052000,6304.028000,7,8,2899,55
1760322753.697105,161,34.329,37.944000,6341.972000,7,9,2899,55
1760322754.697103,162,33.362,36.920000,6378.892000,6,8,2899,55
1760322755.697105,163,34.296,38.287000,6417.179000,7,9,2899,55
1760322756.697104,164,34.086,37.450000,6454.629000,7,9,2899,55
1760322757.697093,165,32.914,37.370000,6491.999000,7,8,2899,55
1760322758.697109,166,33.302,37.226000,6529.225000,6,8,2899,55
1760322759.697092,167,32.876,37.220000,6566.445000,5,7,2899,55
1760322760.697095,168,33.986,38.309000,6604.754000,7,9,2899,55
1760322761.697092,169,33.258,38.278000,6643.032000,7,9,2899,55
1760322762.697102,170,34.045,38.997000,6682.029000,6,8,2899,55
1760322763.697094,171,34.353,39.371000,6721.400000,7,8,2899,55
1760322764.697091,172,33.854,38.959000,6760.359000,7,8,2899,55
1760322765.697104,173,33.242,38.496000,6798.855000,6,8,2899,55
1760322766.697104,174,34.187,39.754000,6838.609000,8,9,2899,55
1760322767.697093,175,33.043,38.813000,6877.422000,6,8,2899,55
1760322768.697094,176,33.976,39.772000,6917.194000,6,8,2899,55
1760322769.697104,177,32.514,38.523000,6955.717000,7,9,2899,54
1760322770.697090,178,32.588,38.633000,6994.350000,7,9,2899,54
1760322771.697093,179,32.701,39.453000,7033.803000,6,7,2899,55
1760322772.697106,180,33.571,40.119000,7073.922000,7,8,2899,54
1760322773.697093,181,32.465,39.135000,7113.057000,6,8,2899,54
1760322774.697102,182,33.228,40.276000,7153.333000,7,8,2899,54
1760322775.697093,183,33.103,40.079000,7193.412000,7,9,2899,54
1760322776.697103,184,32.322,39.955000,7233.367000,7,8,2899,54
