ts,t_rel_s,power_w,energy_j_this_sec,energy_j_total,gpu_util_percent,mem_util_percent,mem_used_MiB,temp_c
1760257653.050642,0,24.146,0.000000,0.000000,8,8,1506,50
1760257654.050622,1,29.170,34.990000,34.990000,7,7,1915,51
1760257655.050722,2,29.194,33.475000,68.465000,8,8,2321,51
1760257656.050839,3,29.322,33.934000,102.399000,7,8,2429,51
1760257657.050649,4,29.443,34.183000,136.582000,7,8,2429,51
1760257658.050718,5,29.449,34.294000,170.876000,6,7,2429,51
1760257659.050717,6,29.084,34.274000,205.150000,7,8,2429,52
1760257660.050760,7,29.003,34.293000,239.443000,6,7,2429,52
1760257661.050732,8,29.103,34.599000,274.042000,7,8,2429,52
1760257662.050640,9,29.118,34.831000,308.873000,7,7,2429,52
1760257663.050973,10,28.964,34.814000,343.687000,6,7,2429,52
1760257664.050622,11,28.969,35.252000,378.939000,7,8,2429,52
1760257665.050803,12,28.964,35.133000,414.072000,6,7,2429,52
1760257666.050880,13,29.080,35.570000,449.642000,6,7,2429,52
1760257667.050643,14,29.197,35.950000,485.592000,6,7,2429,52
1760257668.050890,15,29.566,36.287000,521.879000,7,8,2429,53
1760257669.050714,16,29.702,36.812000,558.691000,6,8,2429,53
1760257670.050642,17,29.653,36.861000,595.552000,6,7,2429,53
1760257671.050657,18,29.559,36.877000,632.429000,6,7,2429,53
1760257672.050640,19,29.616,37.175000,669.604000,8,8,2429,53
1760257673.050647,20,29.406,37.119000,706.723000,7,7,2429,53
1760257674.050658,21,29.443,37.259000,743.982000,7,8,2429,53
1760257675.050653,22,29.599,37.685000,781.667000,6,7,2429,53
1760257676.050802,23,29.494,37.800000,819.467000,7,8,2429,53
1760257677.050711,24,29.402,38.039000,857.506000,6,8,2429,53
1760257678.050642,25,29.377,37.970000,895.476000,7,8,2429,53
1760257679.050639,26,29.298,38.056000,933.532000,6,7,2429,53
1760257680.050622,27,29.172,38.123000,971.655000,7,8,2429,54
1760257681.050651,28,29.207,38.572000,1010.227000,7,8,2429,54
1760257682.050620,29,29.232,39.032000,1049.259000,7,8,2429,54
1760257683.050721,30,29.371,39.110000,1088.369000,7,8,2429,54
1760257684.050634,31,29.356,39.237000,1127.606000,6,8,2429,54
1760257685.050888,32,29.305,39.276000,1166.882000,6,7,2429,54
1760257686.050739,33,29.470,39.881000,1206.763000,7,8,2429,54
1760257687.050744,34,29.644,40.199000,1246.962000,7,8,2429,54
1760257688.050658,35,29.654,40.107000,1287.069000,7,8,2429,54
1760257689.050636,36,29.650,40.309000,1327.378000,7,8,2429,54
1760257690.050736,37,29.784,40.595000,1367.973000,6,7,2429,54
1760257691.050647,38,30.073,41.164000,1409.137000,7,8,2429,54
1760257692.050641,39,30.200,32.882000,1442.019000,7,8,2429,54
1760257693.050648,40,30.099,32.803000,1474.822000,6,7,2429,54
1760257694.050638,41,30.124,32.893000,1507.715000,8,9,2429,54
1760257695.050634,42,30.333,33.101000,1540.816000,7,8,2429,55
1760257696.050837,43,30.273,32.955000,1573.771000,7,8,2429,55
1760257697.050722,44,30.179,32.892000,1606.663000,6,8,2429,55
1760257698.050638,45,30.231,32.978000,1639.641000,7,8,2429,55
1760257699.050718,46,30.231,32.971000,1672.612000,7,8,2429,55
1760257700.050714,47,29.840,32.601000,1705.213000,6,7,2429,55
1760257701.050735,48,29.785,32.501000,1737.714000,6,7,2429,55
1760257702.051109,49,29.728,32.473000,1770.187000,7,8,2429,55
1760257703.050728,50,29.719,32.323000,1802.510000,6,7,2429,55
1760257704.050621,51,29.724,32.414000,1834.924000,6,7,2429,55
1760257705.050726,52,29.610,32.386000,1867.310000,7,8,2429,55
1760257706.050712,53,29.852,32.944000,1900.254000,6,8,2429,55
1760257707.050879,54,29.968,33.132000,1933.386000,7,8,2429,55
1760257708.050658,55,30.181,33.631000,1967.017000,7,8,2429,55
1760257709.050726,56,30.128,33.788000,2000.805000,6,8,2429,55
1760257710.050617,57,30.033,33.853000,2034.658000,7,8,2429,55
1760257711.050724,58,29.984,33.627000,2068.285000,5,7,2429,55
1760257712.050837,59,29.747,33.738000,2102.023000,6,7,2429,55
1760257713.050650,60,29.774,34.010000,2136.033000,7,8,2429,55
1760257714.050718,61,29.724,33.873000,2169.906000,6,7,2429,55
1760257715.050967,62,29.645,34.075000,2203.981000,7,8,2429,55
1760257716.050713,63,29.749,34.531000,2238.512000,6,7,2429,55
1760257717.050664,64,29.910,34.761000,2273.273000,7,8,2429,55
1760257718.050658,65,30.187,35.153000,2308.426000,7,8,2429,55
1760257719.050867,66,30.201,35.367000,2343.793000,7,8,2429,55
1760257720.050725,67,29.993,35.443000,2379.236000,6,7,2429,55
1760257721.050730,68,29.964,35.620000,2414.856000,6,7,2429,55
1760257722.050731,69,30.069,35.987000,2450.843000,6,7,2429,55
1760257723.050653,70,30.215,36.155000,2486.998000,6,8,2429,55
1760257724.050731,71,30.237,36.287000,2523.285000,6,7,2429,55
1760257725.050823,72,30.274,36.708000,2559.993000,7,8,2429,55
1760257726.050727,73,30.111,36.648000,2596.641000,6,7,2429,55
1760257727.050658,74,30.014,36.862000,2633.503000,7,8,2429,55
1760257728.050633,75,29.789,36.521000,2670.024000,6,7,2429,55
1760257729.050617,76,29.817,36.898000,2706.922000,7,8,2429,55
1760257730.050617,77,29.976,37.229000,2744.151000,7,8,2429,55
1760257731.050622,78,30.241,37.570000,2781.721000,7,8,2429,55
1760257732.050652,79,30.185,37.735000,2819.456000,6,8,2429,56
1760257733.050734,80,30.162,37.971000,2857.427000,7,8,2429,56
1760257734.050651,81,30.217,38.199000,2895.626000,6,8,2429,56
1760257735.050661,82,30.175,38.310000,2933.936000,7,8,2429,56
1760257736.050715,83,30.261,38.656000,2972.592000,6,8,2429,56
1760257737.050714,84,30.333,38.897000,3011.489000,7,8,2429,56
1760257738.050741,85,30.427,39.180000,3050.669000,8,8,2429,56
1760257739.050731,86,30.435,39.431000,3090.100000,6,7,2429,56
1760257740.050658,87,30.313,39.517000,3129.617000,6,7,2429,56
1760257741.050724,88,30.319,39.706000,3169.323000,7,8,2429,56
1760257742.050635,89,30.412,40.021000,3209.344000,7,8,2429,55
1760257743.050711,90,30.329,40.047000,3249.391000,6,8,2429,56
1760257744.050642,91,30.198,40.075000,3289.466000,7,8,2429,55
1760257745.050733,92,30.106,40.283000,3329.749000,6,7,2429,56
1760257746.050660,93,30.029,40.354000,3370.103000,7,8,2429,56
1760257747.050731,94,30.190,40.587000,3410.690000,7,8,2429,56
1760257748.050631,95,30.162,40.806000,3451.496000,6,8,2429,56
1760257749.050627,96,30.025,40.868000,3492.364000,6,7,2429,56
1760257750.050726,97,30.019,41.096000,3533.460000,7,8,2539,55
1760257751.050661,98,30.287,33.081000,3566.541000,7,8,2023,56
1760257752.050640,99,30.299,32.994000,3599.535000,7,8,2023,56
1760257753.050620,100,30.457,33.275000,3632.810000,14,8,2267,56
1760257754.050619,101,30.396,33.020000,3665.830000,6,8,2429,56
1760257755.050619,102,29.858,32.541000,3698.371000,7,8,2429,56
1760257756.050713,103,29.913,32.624000,3730.995000,7,8,2429,56
1760257757.050650,104,30.025,32.770000,3763.765000,7,8,2429,56
1760257758.050934,105,29.990,32.679000,3796.444000,7,8,2429,56
1760257759.050745,106,30.023,32.740000,3829.184000,7,8,2429,56
1760257760.050764,107,29.877,32.587000,3861.771000,6,8,2429,56
1760257761.050972,108,29.856,32.542000,3894.313000,7,8,2429,56
1760257762.050642,109,29.658,32.465000,3926.778000,6,7,2429,56
1760257763.050618,110,30.000,32.749000,3959.527000,7,7,2429,56
1760257764.050723,111,30.279,33.038000,3992.565000,7,8,2429,56
1760257765.050627,112,30.169,33.129000,4025.694000,7,8,2429,56
1760257766.050654,113,30.081,33.112000,4058.806000,6,7,2429,56
1760257767.050621,114,30.053,33.242000,4092.048000,7,8,2429,56
1760257768.050717,115,30.094,33.573000,4125.621000,7,8,2429,56
1760257769.050724,116,30.362,33.982000,4159.603000,6,8,2429,56
1760257770.050720,117,30.394,34.126000,4193.729000,7,8,2429,56
1760257771.050660,118,30.396,34.231000,4227.960000,6,8,2429,56
1760257772.050721,119,30.239,34.275000,4262.235000,7,8,2429,56
1760257773.050991,120,30.090,34.329000,4296.564000,7,8,2429,56
1760257774.050729,121,29.940,34.711000,4331.275000,7,8,2429,56
1760257775.050636,122,29.957,34.686000,4365.961000,6,7,2429,56
1760257776.050640,123,29.974,34.771000,4400.732000,6,8,2429,56
1760257777.050627,124,30.096,34.980000,4435.712000,7,8,2429,56
1760257778.050873,125,30.056,35.180000,4470.892000,7,8,2429,56
1760257779.050745,126,30.074,35.549000,4506.441000,8,8,2429,56
1760257780.050658,127,29.651,35.031000,4541.472000,6,7,2429,56
1760257781.051003,128,29.310,34.988000,4576.460000,7,8,2429,56
1760257782.050634,129,29.169,35.339000,4611.799000,6,7,2429,56
1760257783.050972,130,29.273,35.349000,4647.148000,6,7,2429,56
1760257784.050637,131,29.032,35.535000,4682.683000,7,8,2429,55
1760257785.050974,132,29.188,35.648000,4718.331000,6,7,2539,55
1760257786.050730,133,29.821,36.742000,4755.073000,6,7,2023,56
1760257787.050641,134,29.802,36.640000,4791.713000,6,7,2429,56
1760257788.050729,135,29.363,36.328000,4828.041000,6,7,2539,56
1760257789.050727,136,29.719,37.174000,4865.215000,6,8,2023,56
1760257790.050624,137,30.295,37.746000,4902.961000,8,8,2318,56
1760257791.050661,138,29.962,37.415000,4940.376000,7,8,2429,56
1760257792.050737,139,29.888,37.711000,4978.087000,6,7,2429,56
1760257793.050658,140,29.943,38.033000,5016.120000,6,7,2429,56
1760257794.050829,141,29.994,38.062000,5054.182000,6,7,2429,56
1760257795.050723,142,29.849,38.194000,5092.376000,6,8,2429,56
1760257796.050663,143,30.149,38.656000,5131.032000,7,7,2429,56
1760257797.050637,144,30.148,38.901000,5169.933000,6,8,2429,56
1760257798.050734,145,30.170,38.960000,5208.893000,7,7,2429,56
1760257799.050621,146,29.748,38.930000,5247.823000,7,8,2429,56
1760257800.050727,147,29.679,38.953000,5286.776000,7,8,2429,56
1760257801.050725,148,29.916,39.356000,5326.132000,7,8,2429,56
1760257802.050727,149,30.040,39.664000,5365.796000,7,8,2429,56
1760257803.051028,150,29.484,39.484000,5405.280000,6,7,2429,55
1760257804.050660,151,29.420,39.715000,5444.995000,6,7,2429,56
1760257805.050723,152,29.014,39.203000,5484.198000,6,8,2429,55
1760257806.050624,153,26.889,37.257000,5521.455000,6,8,2429,55
1760257807.050619,154,26.728,37.279000,5558.734000,6,7,2429,55
1760257808.050652,155,26.846,37.655000,5596.389000,7,8,2429,55
1760257809.050642,156,28.049,39.245000,5635.634000,6,8,2429,55
1760257810.050726,157,29.943,41.037000,5676.671000,6,8,2429,56
1760257811.050620,158,29.933,32.646000,5709.317000,7,8,2429,56
1760257812.050648,159,29.898,32.579000,5741.896000,5,7,2429,56
1760257813.050719,160,29.949,32.698000,5774.594000,6,7,2429,56
1760257814.050642,161,29.813,32.579000,5807.173000,7,8,2429,56
1760257815.050725,162,30.008,32.733000,5839.906000,6,7,2429,56
1760257816.050730,163,29.680,32.389000,5872.295000,7,7,2429,56
1760257817.050727,164,29.348,32.178000,5904.473000,6,7,2429,56
1760257818.050714,165,29.448,32.189000,5936.662000,7,8,2429,56
1760257819.050644,166,29.191,34.735000,5971.397000,7,8,2429,56
1760257820.050712,167,29.437,29.824000,6001.221000,6,7,2429,56
1760257821.050719,168,29.633,29.916000,6031.137000,7,8,2429,56
1760257822.050682,169,29.594,29.928000,6061.065000,7,8,2429,56
1760257823.050620,170,29.687,30.066000,6091.131000,6,8,2429,56
1760257824.050731,171,29.664,30.106000,6121.237000,6,7,2429,56
1760257825.050643,172,29.715,30.129000,6151.366000,7,8,2429,56
1760257826.050637,173,29.590,30.071000,6181.437000,6,7,2429,56
1760257827.050725,174,29.779,30.530000,6211.967000,6,7,2429,56
1760257828.050648,175,29.813,31.221000,6243.188000,6,8,2429,56
1760257829.050733,176,29.870,31.184000,6274.372000,6,7,2429,56
1760257830.050733,177,29.480,31.022000,6305.394000,7,8,2429,56
1760257831.050643,178,29.558,31.215000,6336.609000,6,8,2429,56
1760257832.050732,179,29.606,31.587000,6368.196000,6,7,2429,56
1760257833.050717,180,29.755,31.767000,6399.963000,6,8,2429,56
1760257834.050729,181,29.812,31.773000,6431.736000,7,8,2429,56
1760257835.050646,182,29.840,30.270000,6462.006000,6,7,2429,56
1760257836.051407,183,29.835,30.394000,6492.400000,7,8,2429,56
1760257837.050721,184,29.552,30.584000,6522.984000,6,7,2539,56
