ts,t_rel_s,power_w,energy_j_this_sec,energy_j_total,gpu_util_percent,mem_util_percent,mem_used_MiB,temp_c
1760206317.430477,0,24.333,0.000000,0.000000,7,7,1520,53
1760206318.430574,1,28.666,31.406000,31.406000,8,7,1934,54
1760206319.430579,2,28.613,31.241000,62.647000,7,7,2333,54
1760206320.430582,3,28.430,31.127000,93.774000,6,7,2469,54
1760206321.430513,4,28.388,31.116000,124.890000,6,7,2469,54
1760206322.430587,5,28.443,31.219000,156.109000,6,7,2469,53
1760206323.430847,6,28.296,31.001000,187.110000,6,7,2469,53
1760206324.430867,7,28.088,30.835000,217.945000,6,7,2469,53
1760206325.430506,8,28.122,30.897000,248.842000,6,7,2469,53
1760206326.430577,9,28.200,30.905000,279.747000,6,7,2469,53
1760206327.430506,10,28.004,30.632000,310.379000,6,6,2469,53
1760206328.430583,11,28.004,30.763000,341.142000,5,6,2469,53
1760206329.430500,12,27.963,30.774000,371.916000,6,7,2469,53
1760206330.430498,13,28.083,30.897000,402.813000,6,7,2469,53
1760206331.430474,14,28.186,30.979000,433.792000,6,7,2469,53
1760206332.430486,15,28.165,30.903000,464.695000,6,7,2469,53
1760206333.430582,16,28.319,31.369000,496.064000,6,6,2469,53
1760206334.430485,17,28.185,31.477000,527.541000,6,7,2469,53
1760206335.430808,18,28.329,31.719000,559.260000,6,7,2469,53
1760206336.430591,19,28.321,32.038000,591.298000,6,7,2469,53
1760206337.430609,20,28.409,32.064000,623.362000,6,7,2469,53
1760206338.430582,21,28.392,32.176000,655.538000,7,7,2469,53
1760206339.430585,22,28.472,32.402000,687.940000,6,7,2469,54
1760206340.430647,23,28.464,32.413000,720.353000,6,7,2469,54
1760206341.430491,24,28.500,32.789000,753.142000,6,7,2469,54
1760206342.430571,25,28.462,32.904000,786.046000,6,7,2469,54
1760206343.430516,26,28.349,33.044000,819.090000,6,7,2469,54
1760206344.430592,27,28.161,33.088000,852.178000,6,7,2469,54
1760206345.430633,28,28.208,33.306000,885.484000,6,7,2469,54
1760206346.430514,29,28.186,33.392000,918.876000,6,7,2469,54
1760206347.430488,30,28.035,33.454000,952.330000,7,7,2469,54
1760206348.430596,31,28.042,33.431000,985.761000,7,7,2469,54
1760206349.430583,32,28.120,33.878000,1019.639000,6,7,2469,54
1760206350.430475,33,28.095,33.952000,1053.591000,6,7,2469,54
1760206351.430723,34,28.080,34.161000,1087.752000,6,7,2469,54
1760206352.430612,35,28.062,34.449000,1122.201000,6,7,2469,54
1760206353.430587,36,28.115,34.614000,1156.815000,6,7,2469,54
1760206354.430491,37,28.127,34.931000,1191.746000,6,7,2469,54
1760206355.430596,38,28.191,35.034000,1226.780000,6,6,2469,54
1760206356.430476,39,28.136,35.419000,1262.199000,6,7,2469,54
1760206357.430615,40,28.242,35.460000,1297.659000,6,7,2469,54
1760206358.430583,41,28.270,35.766000,1333.425000,5,6,2469,54
1760206359.430486,42,28.353,36.006000,1369.431000,5,6,2469,54
1760206360.430584,43,28.539,36.280000,1405.711000,7,7,2469,54
1760206361.430583,44,28.587,36.696000,1442.407000,6,7,2469,54
1760206362.430573,45,28.490,36.715000,1479.122000,6,7,2469,54
1760206363.430504,46,28.502,36.996000,1516.118000,7,7,2469,54
1760206364.430873,47,28.608,37.304000,1553.422000,7,7,2469,54
1760206365.430477,48,28.483,37.609000,1591.031000,6,7,2469,54
1760206366.430495,49,28.376,37.530000,1628.561000,6,7,2469,54
1760206367.430671,50,28.554,38.262000,1666.823000,6,7,2469,54
1760206368.430511,51,28.526,38.175000,1704.998000,6,7,2469,54
1760206369.430574,52,28.558,38.224000,1743.222000,6,7,2469,54
1760206370.430609,53,28.576,38.465000,1781.687000,6,7,2469,54
1760206371.430624,54,28.605,38.654000,1820.341000,6,7,2469,54
1760206372.430765,55,28.678,38.987000,1859.328000,6,7,2469,54
1760206373.430500,56,28.643,39.086000,1898.414000,6,7,2469,54
1760206374.430583,57,28.634,39.170000,1937.584000,6,7,2469,54
1760206375.430581,58,28.568,39.342000,1976.926000,6,7,2469,54
1760206376.430648,59,28.579,39.477000,2016.403000,6,7,2469,54
1760206377.430588,60,28.546,39.654000,2056.057000,7,7,2469,54
1760206378.430572,61,28.582,31.159000,2087.216000,7,7,2469,54
1760206379.430476,62,28.613,31.202000,2118.418000,7,7,2469,54
1760206380.430507,63,28.511,31.061000,2149.479000,6,7,2469,54
1760206381.430721,64,28.541,31.180000,2180.659000,7,7,2469,54
1760206382.430476,65,28.535,31.089000,2211.748000,7,7,2469,54
1760206383.430626,66,28.445,31.079000,2242.827000,6,7,2469,54
1760206384.430470,67,28.495,31.200000,2274.027000,7,7,2469,54
1760206385.430588,68,28.465,31.144000,2305.171000,6,7,2469,54
1760206386.430477,69,28.580,31.263000,2336.434000,6,7,2469,54
1760206387.430875,70,28.508,31.150000,2367.584000,5,6,2469,54
1760206388.430489,71,28.478,31.151000,2398.735000,6,7,2469,54
1760206389.430585,72,28.521,31.154000,2429.889000,6,7,2469,54
1760206390.430560,73,28.396,31.200000,2461.089000,6,7,2469,54
1760206391.430940,74,28.537,31.515000,2492.604000,6,6,2469,54
1760206392.431466,75,28.486,31.785000,2524.389000,6,7,2469,54
1760206393.430589,76,28.473,32.137000,2556.526000,6,7,2469,55
1760206394.430781,77,28.598,32.241000,2588.767000,6,7,2469,55
1760206395.430764,78,28.629,32.300000,2621.067000,6,7,2469,55
1760206396.430512,79,28.641,32.301000,2653.368000,6,7,2469,54
1760206397.430574,80,28.698,32.497000,2685.865000,6,7,2469,54
1760206398.430585,81,28.703,32.559000,2718.424000,6,7,2469,54
1760206399.430596,82,28.643,32.740000,2751.164000,6,7,2469,54
1760206400.430511,83,28.539,32.890000,2784.054000,6,7,2469,54
1760206401.430587,84,28.547,32.990000,2817.044000,7,7,2469,54
1760206402.430729,85,28.382,33.064000,2850.108000,6,7,2469,54
1760206403.430917,86,28.385,33.261000,2883.369000,6,7,2469,54
1760206404.430593,87,28.364,33.587000,2916.956000,6,7,2469,55
1760206405.430617,88,28.350,33.602000,2950.558000,6,7,2469,54
1760206406.430484,89,28.318,33.646000,2984.204000,6,7,2469,54
1760206407.430500,90,28.350,33.825000,3018.029000,6,7,2469,54
1760206408.430893,91,28.388,34.126000,3052.155000,5,6,2469,54
1760206409.430588,92,28.453,34.679000,3086.834000,6,7,2469,55
1760206410.430604,93,28.575,34.835000,3121.669000,6,7,2469,55
1760206411.430582,94,28.595,34.994000,3156.663000,6,7,2469,55
1760206412.430594,95,28.661,35.389000,3192.052000,6,7,2469,55
1760206413.430869,96,28.654,35.443000,3227.495000,6,7,2469,55
1760206414.430583,97,28.620,35.723000,3263.218000,6,6,2469,55
1760206415.430582,98,28.598,35.913000,3299.131000,6,7,2469,55
1760206416.430569,99,28.581,36.055000,3335.186000,6,7,2469,55
1760206417.430689,100,28.527,36.061000,3371.247000,6,7,2469,55
1760206418.430602,101,28.475,36.379000,3407.626000,7,7,2469,55
1760206419.430474,102,28.421,36.244000,3443.870000,6,7,2469,54
1760206420.430471,103,28.458,36.450000,3480.320000,7,7,2469,55
1760206421.430502,104,28.310,36.423000,3516.743000,6,6,2469,54
1760206422.430588,105,28.341,36.838000,3553.581000,5,6,2469,54
1760206423.430556,106,28.333,37.130000,3590.711000,6,7,2469,54
1760206424.430469,107,28.337,37.144000,3627.855000,5,7,2469,54
1760206425.430469,108,28.302,37.285000,3665.140000,6,6,2469,54
1760206426.430858,109,28.358,37.628000,3702.768000,6,7,2469,54
1760206427.430662,110,28.447,38.162000,3740.930000,6,7,2469,54
1760206428.430487,111,28.393,38.107000,3779.037000,6,7,2469,55
1760206429.430578,112,28.420,38.207000,3817.244000,6,7,2469,55
1760206430.430470,113,28.485,38.664000,3855.908000,6,7,2469,54
1760206431.430511,114,28.508,38.633000,3894.541000,6,7,2469,55
1760206432.430582,115,28.460,38.830000,3933.371000,6,7,2469,54
1760206433.430573,116,28.406,38.959000,3972.330000,6,7,2469,55
1760206434.430496,117,28.491,39.142000,4011.472000,6,7,2469,55
1760206435.430575,118,28.440,39.281000,4050.753000,6,7,2469,54
1760206436.430583,119,28.451,39.580000,4090.333000,5,7,2469,54
1760206437.430495,120,28.405,31.029000,4121.362000,5,7,2469,54
1760206438.430696,121,28.400,31.092000,4152.454000,6,7,2469,55
1760206439.430576,122,28.465,31.161000,4183.615000,6,7,2469,55
1760206440.430578,123,28.558,31.277000,4214.892000,6,7,2469,55
1760206441.430599,124,28.560,31.264000,4246.156000,6,7,2469,55
1760206442.431145,125,28.564,31.177000,4277.333000,6,7,2469,55
1760206443.430576,126,28.625,31.271000,4308.604000,7,7,2469,55
1760206444.430509,127,28.588,31.212000,4339.816000,6,7,2469,55
1760206445.430583,128,28.634,31.327000,4371.143000,7,7,2469,55
1760206446.430579,129,28.606,31.434000,4402.577000,6,7,2469,55
1760206447.430741,130,28.654,31.438000,4434.015000,6,7,2469,55
1760206448.430784,131,28.635,31.423000,4465.438000,6,7,2469,55
1760206449.430490,132,28.695,31.418000,4496.856000,6,7,2469,55
1760206450.430477,133,28.614,31.305000,4528.161000,6,7,2469,55
1760206451.430600,134,28.578,31.492000,4559.653000,6,7,2469,55
1760206452.430584,135,28.512,31.747000,4591.400000,6,7,2469,55
1760206453.430509,136,28.510,31.910000,4623.310000,5,6,2469,55
1760206454.430598,137,28.480,32.134000,4655.444000,6,6,2469,55
1760206455.430593,138,28.551,32.185000,4687.629000,6,7,2469,55
1760206456.430707,139,28.557,32.361000,4719.990000,6,6,2469,55
1760206457.430794,140,28.494,32.416000,4752.406000,6,7,2469,55
1760206458.430580,141,28.490,32.539000,4784.945000,6,7,2469,55
1760206459.430579,142,28.574,32.759000,4817.704000,6,7,2469,55
1760206460.430589,143,28.488,32.968000,4850.672000,6,7,2469,55
1760206461.430763,144,28.398,33.124000,4883.796000,6,7,2469,55
1760206462.430729,145,28.373,33.397000,4917.193000,7,7,2469,55
1760206463.430597,146,28.430,33.644000,4950.837000,6,7,2469,55
1760206464.430738,147,28.386,33.594000,4984.431000,6,7,2469,55
1760206465.430496,148,28.558,34.046000,5018.477000,9,8,2579,55
1760206466.430471,149,28.307,33.646000,5052.123000,6,7,2534,55
1760206467.430576,150,28.787,34.494000,5086.617000,6,6,2055,55
1760206468.430571,151,28.661,34.561000,5121.178000,8,7,2165,55
1760206469.430474,152,28.804,34.918000,5156.096000,8,7,2428,55
1760206470.430577,153,28.848,35.112000,5191.208000,6,7,2055,55
1760206471.430896,154,29.311,35.915000,5227.123000,7,7,2469,55
1760206472.430738,155,28.783,35.792000,5262.915000,6,7,2469,55
1760206473.430595,156,28.836,35.894000,5298.809000,6,7,2469,55
1760206474.430598,157,28.750,35.936000,5334.745000,6,7,2469,55
1760206475.430724,158,28.744,36.037000,5370.782000,5,6,2469,55
1760206476.430490,159,28.767,36.389000,5407.171000,5,6,2469,55
1760206477.430490,160,28.483,36.063000,5443.234000,5,6,2469,55
1760206478.430623,161,28.467,36.283000,5479.517000,6,7,2469,55
1760206479.430707,162,28.516,36.559000,5516.076000,6,7,2469,55
1760206480.430475,163,28.547,36.971000,5553.047000,6,7,2469,55
1760206481.430613,164,28.440,36.774000,5589.821000,6,7,2469,55
1760206482.430578,165,28.604,37.229000,5627.050000,7,7,2469,55
1760206483.430581,166,28.611,37.344000,5664.394000,7,7,2469,55
1760206484.430595,167,28.530,37.532000,5701.926000,6,7,2469,55
1760206485.430470,168,28.592,37.798000,5739.724000,7,7,2469,55
1760206486.430512,169,28.559,37.788000,5777.512000,7,7,2469,55
1760206487.430889,170,28.540,38.028000,5815.540000,7,7,2469,55
1760206488.430590,171,28.655,38.563000,5854.103000,7,7,2469,55
1760206489.431089,172,28.593,38.493000,5892.596000,6,7,2469,55
1760206490.430634,173,28.541,38.775000,5931.371000,7,7,2469,55
1760206491.430924,174,28.755,38.999000,5970.370000,7,7,2469,55
1760206492.430471,175,28.589,39.128000,6009.498000,7,7,2469,55
1760206493.430499,176,28.597,39.022000,6048.520000,6,7,2469,55
1760206494.430495,177,28.732,39.611000,6088.131000,7,7,2469,55
1760206495.430516,178,28.739,39.693000,6127.824000,6,7,2469,55
1760206496.430511,179,28.631,31.235000,6159.059000,7,7,2469,55
1760206497.430569,180,28.755,31.619000,6190.678000,6,7,2469,55
1760206498.430573,181,28.483,31.126000,6221.804000,7,7,2469,55
1760206499.430499,182,28.446,31.051000,6252.855000,7,7,2469,55
1760206500.430491,183,28.399,31.133000,6283.988000,6,7,2469,55
1760206501.430487,184,28.348,30.952000,6314.940000,7,7,2469,55
