ts,t_rel_s,power_w,energy_j_this_sec,energy_j_total,gpu_util_percent,mem_util_percent,mem_used_MiB,temp_c
1760322124.285635,0,11.983,0.000000,0.000000,1,1,827,53
1760322125.285610,1,26.348,34.747000,34.747000,7,9,1399,55
1760322126.285619,2,35.226,39.384000,74.131000,8,9,1899,56
1760322127.285612,3,35.033,39.286000,113.417000,7,8,2222,56
1760322128.285662,4,35.701,40.086000,153.503000,7,9,2899,57
1760322129.285662,5,35.204,39.835000,193.338000,7,9,2899,57
1760322130.285636,6,35.311,40.126000,233.464000,7,9,2899,57
1760322131.285661,7,35.389,40.295000,273.759000,7,9,2899,57
1760322132.285661,8,35.441,40.604000,314.363000,7,9,2899,57
1760322133.285625,9,35.332,40.578000,354.941000,7,8,2899,57
1760322134.285662,10,35.081,40.520000,395.461000,7,8,2899,58
1760322135.285637,11,35.164,40.879000,436.340000,7,9,2899,58
1760322136.285665,12,35.118,40.987000,477.327000,7,9,2899,58
1760322137.285616,13,35.079,37.776000,515.103000,7,8,2899,58
1760322138.285662,14,35.396,39.738000,554.841000,8,9,2899,58
1760322139.285661,15,35.386,38.212000,593.053000,6,8,2899,58
1760322140.285662,16,35.622,38.397000,631.450000,7,9,2899,59
1760322141.285661,17,35.691,38.335000,669.785000,7,8,2899,59
1760322142.285662,18,35.440,38.239000,708.024000,6,8,2899,59
1760322143.285662,19,35.379,38.204000,746.228000,7,9,2899,59
1760322144.285662,20,35.818,38.523000,784.751000,8,9,2899,59
1760322145.285611,21,35.684,38.422000,823.173000,7,9,2899,59
1760322146.285662,22,35.615,38.409000,861.582000,7,9,2899,59
1760322147.285658,23,35.665,38.382000,899.964000,7,9,2899,60
1760322148.285664,24,35.781,38.555000,938.519000,6,8,2899,60
1760322149.285617,25,36.003,40.214000,978.733000,7,9,2899,60
1760322150.285662,26,35.751,38.416000,1017.149000,6,8,2899,60
1760322151.285661,27,35.526,38.248000,1055.397000,7,8,2899,60
1760322152.285662,28,35.757,38.666000,1094.063000,7,9,2899,60
1760322153.285635,29,35.938,38.968000,1133.031000,7,8,2899,61
1760322154.285661,30,35.867,38.888000,1171.919000,7,8,2899,61
1760322155.285661,31,35.935,39.208000,1211.127000,7,9,2899,61
1760322156.285665,32,36.238,39.696000,1250.823000,7,9,2899,61
1760322157.285631,33,36.198,39.872000,1290.695000,6,8,2899,61
1760322158.285677,34,36.066,39.814000,1330.509000,7,9,2899,61
1760322159.285661,35,36.080,40.419000,1370.928000,7,8,2899,61
1760322160.285610,36,36.089,40.101000,1411.029000,7,8,2899,61
1760322161.285665,37,36.114,40.248000,1451.277000,7,8,2899,61
1760322162.285661,38,36.263,40.506000,1491.783000,6,8,2899,62
1760322163.285661,39,35.864,40.288000,1532.071000,7,9,2899,61
1760322164.285614,40,36.597,41.285000,1573.356000,6,8,2899,62
1760322165.285664,41,36.371,41.097000,1614.453000,7,9,2899,61
1760322166.285661,42,36.391,41.400000,1655.853000,8,9,2899,61
1760322167.285644,43,36.324,41.575000,1697.428000,7,9,2899,61
1760322168.285617,44,36.234,41.420000,1738.848000,7,8,2899,61
1760322169.285613,45,35.656,41.038000,1779.886000,6,8,2899,61
1760322170.285618,46,36.091,41.785000,1821.671000,7,9,2899,61
1760322171.285623,47,35.743,41.505000,1863.176000,7,8,2899,61
1760322172.285658,48,36.006,41.841000,1905.017000,7,8,2899,61
1760322173.285614,49,35.907,41.777000,1946.794000,7,9,2899,61
1760322174.285617,50,35.592,41.991000,1988.785000,7,9,2899,61
1760322175.285631,51,35.928,42.115000,2030.900000,7,8,2899,61
1760322176.285633,52,35.883,42.341000,2073.241000,6,8,2899,61
1760322177.285619,53,35.474,42.182000,2115.423000,7,8,2899,60
1760322178.285613,54,35.548,42.656000,2158.079000,7,8,2899,60
1760322179.285615,55,36.115,43.333000,2201.412000,8,9,2899,60
1760322180.285614,56,35.657,42.887000,2244.299000,7,8,2899,60
1760322181.285615,57,35.875,43.251000,2287.550000,7,9,2899,60
1760322182.285611,58,35.743,43.265000,2330.815000,7,8,2899,60
1760322183.285614,59,35.636,43.149000,2373.964000,7,8,2899,60
1760322184.285613,60,35.902,43.657000,2417.621000,7,8,2899,60
1760322185.285624,61,35.620,43.919000,2461.540000,8,9,2899,59
1760322186.285626,62,35.824,44.075000,2505.615000,7,8,2899,60
1760322187.285663,63,35.823,44.494000,2550.109000,7,8,2899,59
1760322188.285627,64,35.523,44.423000,2594.532000,7,9,2899,59
1760322189.285641,65,35.947,44.683000,2639.215000,6,8,2899,59
1760322190.285613,66,36.100,45.052000,2684.267000,6,8,2899,59
1760322191.285613,67,35.835,45.058000,2729.325000,7,8,2899,59
1760322192.285613,68,35.699,45.191000,2774.516000,6,8,2899,59
1760322193.285614,69,35.812,45.188000,2819.704000,6,8,2899,59
1760322194.285614,70,35.622,45.179000,2864.883000,7,9,2899,59
1760322195.285663,71,35.604,45.562000,2910.445000,8,9,2899,59
1760322196.285613,72,35.242,45.477000,2955.922000,7,9,2899,59
1760322197.285614,73,35.725,45.929000,3001.851000,7,8,2899,59
1760322198.285612,74,35.898,46.281000,3048.132000,7,9,2899,59
1760322199.285612,75,35.802,46.578000,3094.710000,7,8,2899,59
1760322200.285616,76,35.517,45.947000,3140.657000,7,8,2899,58
1760322201.285635,77,35.558,46.605000,3187.262000,7,9,2899,58
1760322202.285614,78,35.196,37.927000,3225.189000,6,8,2899,58
1760322203.285662,79,35.411,38.273000,3263.462000,7,9,2899,58
1760322204.285630,80,35.359,38.063000,3301.525000,9,9,3009,58
1760322205.285659,81,35.084,37.820000,3339.345000,11,10,2652,58
1760322206.285616,82,35.666,38.276000,3377.621000,7,9,2399,58
1760322207.285613,83,35.939,38.852000,3416.473000,7,9,3009,58
1760322208.285635,84,35.161,37.776000,3454.249000,7,9,2399,58
1760322209.285619,85,35.286,38.371000,3492.620000,8,8,2855,58
1760322210.285659,86,35.228,37.706000,3530.326000,7,8,3009,58
1760322211.285615,87,35.561,38.387000,3568.713000,7,9,2399,58
1760322212.285616,88,35.638,38.518000,3607.231000,7,8,2899,58
1760322213.285613,89,35.356,38.177000,3645.408000,7,9,2899,58
1760322214.285662,90,35.614,38.400000,3683.808000,8,9,2899,58
1760322215.285660,91,35.640,38.341000,3722.149000,7,9,2899,58
1760322216.285662,92,34.940,37.563000,3759.712000,7,8,2899,58
1760322217.285659,93,34.950,37.948000,3797.660000,7,8,2899,58
1760322218.285625,94,34.866,38.143000,3835.803000,7,9,2899,57
1760322219.285615,95,34.937,38.372000,3874.175000,6,8,2899,58
1760322220.285978,96,35.003,38.820000,3912.995000,7,9,2899,57
1760322221.285625,97,34.846,38.458000,3951.453000,7,8,2899,58
1760322222.285616,98,35.061,38.791000,3990.244000,7,9,2899,58
1760322223.285634,99,35.161,38.879000,4029.123000,8,9,2899,57
1760322224.285613,100,35.191,39.091000,4068.214000,7,9,2899,57
1760322225.285624,101,34.747,38.772000,4106.986000,7,9,2899,57
1760322226.285667,102,35.110,39.406000,4146.392000,7,8,2899,57
1760322227.285664,103,35.063,39.698000,4186.090000,7,9,2899,57
1760322228.285616,104,35.297,39.886000,4225.976000,7,9,2899,57
1760322229.285614,105,34.929,39.596000,4265.572000,7,9,2899,57
1760322230.285618,106,35.097,40.202000,4305.774000,8,9,2899,57
1760322231.285625,107,35.235,40.210000,4345.984000,7,9,2899,57
1760322232.285616,108,35.135,40.489000,4386.473000,7,8,2899,57
1760322233.285614,109,34.833,40.387000,4426.860000,7,8,2899,57
1760322234.285627,110,34.869,40.588000,4467.448000,6,8,2899,57
1760322235.285661,111,35.246,41.023000,4508.471000,7,9,2899,57
1760322236.285664,112,35.103,41.209000,4549.680000,7,9,2899,57
1760322237.285623,113,35.217,41.427000,4591.107000,7,9,2899,57
1760322238.285616,114,34.868,41.064000,4632.171000,8,9,2899,57
1760322239.285662,115,35.012,41.588000,4673.759000,7,9,2899,57
1760322240.285665,116,35.179,41.774000,4715.533000,7,9,2899,57
1760322241.285661,117,34.950,41.803000,4757.336000,7,9,2899,57
1760322242.285661,118,35.153,42.282000,4799.618000,7,9,2899,57
1760322243.285612,119,35.439,42.661000,4842.279000,7,8,2899,57
1760322244.285613,120,35.275,42.585000,4884.864000,6,8,2899,57
1760322245.285611,121,34.973,42.520000,4927.384000,7,9,2899,56
1760322246.285613,122,35.095,42.651000,4970.035000,7,9,2899,56
1760322247.285612,123,34.554,42.496000,5012.531000,7,9,2899,56
1760322248.285614,124,34.992,43.161000,5055.692000,6,8,2899,56
1760322249.285809,125,35.063,43.412000,5099.104000,7,9,2899,56
1760322250.285614,126,35.061,43.386000,5142.490000,7,8,2899,56
1760322251.285650,127,34.712,43.428000,5185.918000,8,9,2899,56
1760322252.285661,128,35.387,44.201000,5230.119000,7,8,2899,56
1760322253.285613,129,35.149,44.173000,5274.292000,6,8,2899,56
1760322254.285645,130,35.270,44.404000,5318.696000,7,9,2899,56
1760322255.285742,131,35.101,44.255000,5362.951000,6,8,2899,56
1760322256.285663,132,34.753,44.465000,5407.416000,6,8,2899,56
1760322257.285667,133,34.969,44.676000,5452.092000,7,9,2899,56
1760322258.285665,134,34.913,45.046000,5497.138000,6,8,2899,56
1760322259.285661,135,34.786,45.324000,5542.462000,7,9,2899,56
1760322260.285669,136,34.440,45.037000,5587.499000,6,8,2899,56
1760322261.285661,137,35.156,45.647000,5633.146000,7,9,2899,56
1760322262.285662,138,34.969,45.486000,5678.632000,6,8,2899,56
1760322263.285661,139,34.988,45.763000,5724.395000,7,9,2899,56
1760322264.285633,140,35.080,45.946000,5770.341000,8,9,2899,56
1760322265.285636,141,35.095,37.763000,5808.104000,7,9,2899,56
1760322266.285661,142,34.871,37.520000,5845.624000,7,8,2899,56
1760322267.285659,143,34.943,37.701000,5883.325000,7,9,2899,56
1760322268.285619,144,34.827,37.406000,5920.731000,7,8,2899,56
1760322269.285614,145,34.529,37.453000,5958.184000,7,8,2899,56
1760322270.285678,146,34.780,37.493000,5995.677000,7,8,2899,56
1760322271.285615,147,34.841,37.673000,6033.350000,7,8,2899,56
1760322272.285615,148,34.853,37.667000,6071.017000,7,9,2899,56
1760322273.285630,149,34.972,37.860000,6108.877000,7,8,2899,56
1760322274.285631,150,35.044,37.860000,6146.737000,7,9,2899,55
1760322275.285635,151,34.723,37.275000,6184.012000,7,9,2899,56
1760322276.285624,152,34.796,37.655000,6221.667000,8,9,2899,55
1760322277.285623,153,34.689,37.182000,6258.849000,8,9,2899,55
1760322278.285613,154,34.475,37.149000,6295.998000,8,9,2899,55
1760322279.285623,155,34.359,36.917000,6332.915000,6,8,2899,56
1760322280.285622,156,34.850,37.679000,6370.594000,7,9,2899,55
1760322281.285623,157,34.867,37.856000,6408.450000,7,8,2899,55
1760322282.285614,158,34.799,37.906000,6446.356000,6,8,2899,55
1760322283.285616,159,34.762,38.226000,6484.582000,7,9,2899,55
1760322284.285624,160,34.887,38.508000,6523.090000,7,9,2899,55
1760322285.285616,161,34.657,38.188000,6561.278000,8,9,2899,55
1760322286.285614,162,34.388,38.215000,6599.493000,7,9,2899,55
1760322287.285637,163,34.312,37.793000,6637.286000,7,8,2899,55
1760322288.285613,164,33.810,38.035000,6675.321000,7,8,3009,55
1760322289.285614,165,33.948,37.875000,6713.196000,9,9,2652,55
1760322290.285608,166,34.057,38.339000,6751.535000,7,8,2399,55
1760322291.285614,167,34.211,38.677000,6790.212000,6,8,3009,55
1760322292.285666,168,33.654,38.616000,6828.828000,7,9,2399,55
1760322293.285613,169,34.303,39.116000,6867.944000,7,8,2399,55
1760322294.285613,170,34.033,38.946000,6906.890000,6,8,2523,55
1760322295.285638,171,34.986,41.228000,6948.118000,7,8,2399,55
1760322296.285629,172,34.289,39.566000,6987.684000,7,8,2399,55
1760322297.285616,173,33.698,39.136000,7026.820000,8,9,2735,55
1760322298.285612,174,33.413,39.021000,7065.841000,6,8,2899,55
1760322299.285636,175,32.614,38.705000,7104.546000,7,9,2899,55
1760322300.285618,176,33.833,39.890000,7144.436000,6,8,2899,55
1760322301.285617,177,33.486,39.592000,7184.028000,6,8,2899,55
1760322302.285612,178,33.602,40.176000,7224.204000,7,8,2899,55
1760322303.285615,179,33.760,40.409000,7264.613000,7,8,2899,55
1760322304.285616,180,34.003,40.649000,7305.262000,7,9,2899,55
1760322305.285614,181,33.618,40.490000,7345.752000,6,8,2899,55
1760322306.285619,182,33.609,40.523000,7386.275000,6,8,2899,55
1760322307.285623,183,33.410,40.808000,7427.083000,7,9,2899,55
1760322308.285617,184,33.678,41.023000,7468.106000,6,7,2899,55
