ts,t_rel_s,power_w,energy_j_this_sec,energy_j_total,gpu_util_percent,mem_util_percent,mem_used_MiB,temp_c
1760824595.530683,0,19.025,0.000000,0.000000,38,15,1460,49
1760824596.530713,1,30.839,38.158000,38.158000,13,9,2034,50
1760824597.530679,2,28.148,35.251000,73.409000,7,7,2602,51
1760824598.530697,3,28.084,34.800000,108.209000,7,7,2602,50
1760824599.530712,4,27.757,35.079000,143.288000,7,7,2602,50
1760824600.530685,5,27.755,35.282000,178.570000,7,7,2602,51
1760824601.530796,6,27.684,35.381000,213.951000,6,6,2589,51
1760824602.530696,7,27.662,35.788000,249.739000,5,6,2589,51
1760824603.530698,8,27.673,35.876000,285.615000,5,6,2589,51
1760824604.530683,9,27.750,36.104000,321.719000,6,6,2589,51
1760824605.530697,10,27.722,36.424000,358.143000,7,7,2589,51
1760824606.530807,11,27.822,36.619000,394.762000,7,7,2589,51
1760824607.531112,12,27.872,36.785000,431.547000,7,7,2589,51
1760824608.530698,13,27.807,37.091000,468.638000,7,7,2589,52
1760824609.530698,14,27.774,37.061000,505.699000,6,6,2589,52
1760824610.530707,15,27.842,37.372000,543.071000,6,7,2589,52
1760824611.530702,16,27.890,37.574000,580.645000,6,6,2589,52
1760824612.530698,17,27.867,37.839000,618.484000,5,6,2589,52
1760824613.530678,18,27.851,37.870000,656.354000,6,7,2589,52
1760824614.530710,19,27.986,38.268000,694.622000,7,7,2589,52
1760824615.530682,20,28.016,38.573000,733.195000,7,7,2589,52
1760824616.530720,21,27.964,38.557000,771.752000,7,7,2589,52
1760824617.530679,22,27.969,38.691000,810.443000,7,7,2589,52
1760824618.530693,23,28.029,38.846000,849.289000,7,7,2589,53
1760824619.530701,24,28.084,39.149000,888.438000,7,7,2589,53
1760824620.530718,25,28.110,30.706000,919.144000,7,7,2589,53
1760824621.530682,26,27.976,30.662000,949.806000,5,6,2589,53
1760824622.530783,27,28.047,30.758000,980.564000,5,6,2589,53
1760824623.531090,28,28.040,30.725000,1011.289000,6,6,2589,53
1760824624.530714,29,28.120,31.003000,1042.292000,6,7,2589,53
1760824625.530723,30,28.053,30.780000,1073.072000,7,7,2589,53
1760824626.531065,31,28.127,30.816000,1103.888000,7,7,2589,53
1760824627.530681,32,28.150,30.806000,1134.694000,7,7,2589,54
1760824628.530681,33,28.146,30.793000,1165.487000,7,7,2589,54
1760824629.530710,34,28.166,30.812000,1196.299000,7,7,2589,54
1760824630.530697,35,28.203,30.925000,1227.224000,7,7,2589,54
1760824631.530702,36,28.180,30.946000,1258.170000,6,6,2589,54
1760824632.530696,37,28.223,31.002000,1289.172000,6,6,2589,54
1760824633.530706,38,28.134,30.926000,1320.098000,6,6,2589,54
1760824634.530720,39,28.226,31.366000,1351.464000,6,6,2589,54
1760824635.530700,40,28.226,31.497000,1382.961000,6,7,2589,54
1760824636.530708,41,28.255,31.758000,1414.719000,7,7,2589,54
1760824637.530696,42,28.304,31.913000,1446.632000,7,7,2589,54
1760824638.530703,43,28.310,31.889000,1478.521000,7,7,2589,54
1760824639.530713,44,28.327,32.079000,1510.600000,7,7,2589,54
1760824640.530679,45,28.315,32.087000,1542.687000,6,7,2589,54
1760824641.530704,46,28.276,32.304000,1574.991000,6,6,2589,55
1760824642.530703,47,28.327,32.654000,1607.645000,6,6,2589,55
1760824643.530700,48,28.341,32.870000,1640.515000,6,6,2589,55
1760824644.530713,49,28.358,35.815000,1676.330000,6,6,2589,55
1760824645.530709,50,28.358,28.545000,1704.875000,6,6,2589,55
1760824646.530803,51,28.380,28.723000,1733.598000,6,6,2589,55
1760824647.530695,52,28.361,28.567000,1762.165000,6,7,2589,55
1760824648.530679,53,28.352,28.747000,1790.912000,7,7,2589,55
1760824649.530710,54,28.418,28.932000,1819.844000,7,7,2589,55
1760824650.530680,55,28.456,29.164000,1849.008000,7,7,2589,55
1760824651.530693,56,28.436,29.378000,1878.386000,7,7,2589,55
1760824652.530704,57,28.413,29.568000,1907.954000,6,6,2589,55
1760824653.530706,58,28.410,30.116000,1938.070000,6,6,2589,55
1760824654.530682,59,28.511,30.299000,1968.369000,7,7,2589,55
1760824655.530683,60,28.440,30.455000,1998.824000,6,6,2589,55
1760824656.530698,61,28.409,30.334000,2029.158000,6,6,2589,55
1760824657.530702,62,28.410,30.577000,2059.735000,6,6,2589,55
1760824658.530696,63,28.420,30.852000,2090.587000,6,6,2589,55
1760824659.530685,64,28.408,30.963000,2121.550000,6,7,2589,55
1760824660.530679,65,28.451,31.136000,2152.686000,7,7,2589,55
1760824661.530694,66,28.522,31.279000,2183.965000,7,7,2589,55
1760824662.530679,67,28.534,31.439000,2215.404000,7,7,2589,55
1760824663.530704,68,28.466,31.567000,2246.971000,7,7,2589,55
1760824664.530705,69,28.455,31.894000,2278.865000,6,7,2589,55
1760824665.530680,70,28.507,32.141000,2311.006000,7,7,2589,55
1760824666.530696,71,28.477,32.217000,2343.223000,6,7,2589,55
1760824667.530705,72,28.451,32.445000,2375.668000,6,6,2589,55
1760824668.530699,73,28.364,32.777000,2408.445000,6,6,2589,55
1760824669.530684,74,28.439,32.906000,2441.351000,5,6,2589,55
1760824670.530702,75,28.453,33.067000,2474.418000,6,6,2589,55
1760824671.530698,76,28.501,33.210000,2507.628000,6,7,2589,55
1760824672.530682,77,28.435,33.369000,2540.997000,7,7,2589,55
1760824673.530702,78,28.483,33.530000,2574.527000,7,7,2589,55
1760824674.530702,79,28.499,33.962000,2608.489000,7,7,2589,56
1760824675.530707,80,28.521,34.099000,2642.588000,7,7,2589,56
1760824676.530798,81,28.464,34.322000,2676.910000,7,7,2589,56
1760824677.530786,82,28.560,34.362000,2711.272000,7,7,2589,56
1760824678.530700,83,27.751,32.895000,2744.167000,6,6,2589,55
1760824679.530725,84,26.568,29.911000,2774.078000,5,5,2589,55
1760824680.530681,85,27.427,30.119000,2804.197000,5,5,2589,56
1760824681.530748,86,26.418,28.684000,2832.881000,4,5,2589,55
1760824682.530682,87,26.680,29.570000,2862.451000,4,5,2589,55
1760824683.530685,88,26.546,29.216000,2891.667000,5,5,2589,56
1760824684.530689,89,26.301,28.843000,2920.510000,4,4,2589,55
1760824685.531146,90,26.141,28.925000,2949.435000,3,4,2589,55
1760824686.531065,91,26.193,29.028000,2978.463000,4,4,2589,55
1760824687.530719,92,26.266,28.960000,3007.423000,3,4,2699,55
1760824688.530783,93,25.983,28.745000,3036.168000,3,4,2699,55
1760824689.530704,94,25.950,28.779000,3064.947000,3,4,2699,55
1760824690.530686,95,26.377,28.996000,3093.943000,3,4,2131,56
1760824691.530729,96,26.525,29.415000,3123.358000,8,7,2699,56
1760824692.530786,97,25.536,28.262000,3151.620000,4,6,2437,55
1760824693.530688,98,26.898,30.422000,3182.042000,6,6,1524,56
1760824694.530686,99,27.826,31.165000,3213.207000,6,6,1453,56
1760824695.530693,100,28.112,32.731000,3245.938000,9,9,2589,56
1760824696.530706,101,29.634,32.192000,3278.130000,7,7,2589,56
1760824697.530813,102,28.648,32.308000,3310.438000,8,7,2589,56
1760824698.530695,103,28.565,32.218000,3342.656000,7,7,2589,56
1760824699.530799,104,28.602,32.450000,3375.106000,6,6,2589,56
1760824700.530682,105,28.601,32.693000,3407.799000,7,7,2589,56
1760824701.530683,106,28.651,32.794000,3440.593000,6,7,2589,56
1760824702.530779,107,28.629,33.082000,3473.675000,7,7,2589,56
1760824703.530802,108,28.699,33.300000,3506.975000,7,7,2589,56
1760824704.530719,109,28.664,33.506000,3540.481000,7,7,2589,56
1760824705.530798,110,28.616,33.681000,3574.162000,7,7,2589,56
1760824706.530701,111,28.643,33.872000,3608.034000,7,7,2589,56
1760824707.530711,112,28.782,33.986000,3642.020000,8,7,2589,56
1760824708.530701,113,28.652,34.175000,3676.195000,8,7,2589,56
1760824709.530697,114,28.671,34.348000,3710.543000,7,7,2589,56
1760824710.530713,115,28.621,34.528000,3745.071000,6,6,2589,56
1760824711.530799,116,28.655,34.745000,3779.816000,6,6,2589,56
1760824712.530681,117,28.562,34.980000,3814.796000,7,7,2589,56
1760824713.530678,118,28.646,35.123000,3849.919000,7,7,2589,56
1760824714.530711,119,28.661,35.379000,3885.298000,7,7,2589,56
1760824715.530783,120,28.611,35.423000,3920.721000,7,6,2589,56
1760824716.530680,121,28.727,35.999000,3956.720000,7,7,2596,56
1760824717.530712,122,28.652,35.897000,3992.617000,7,7,2596,56
1760824718.530706,123,28.634,36.137000,4028.754000,7,7,2595,56
1760824719.530710,124,28.683,36.284000,4065.038000,8,7,2595,56
1760824720.530709,125,28.690,36.519000,4101.557000,8,7,2595,56
1760824721.530699,126,28.679,36.586000,4138.143000,7,7,2589,56
1760824722.530697,127,28.677,36.895000,4175.038000,6,6,2589,56
1760824723.530699,128,28.659,36.966000,4212.004000,7,7,2589,56
1760824724.530685,129,28.672,37.219000,4249.223000,6,7,2589,56
1760824725.530727,130,28.649,37.432000,4286.655000,6,7,2589,56
1760824726.530698,131,28.756,37.804000,4324.459000,7,7,2589,56
1760824727.530720,132,28.690,37.902000,4362.361000,7,7,2589,56
1760824728.530694,133,28.652,38.125000,4400.486000,7,7,2589,56
1760824729.531085,134,28.656,38.165000,4438.651000,7,7,2589,56
1760824730.530722,135,28.738,38.733000,4477.384000,8,7,2589,56
1760824731.530682,136,28.681,38.508000,4515.892000,8,8,2589,56
1760824732.530705,137,28.664,38.718000,4554.610000,7,7,2589,56
1760824733.530704,138,28.587,38.909000,4593.519000,6,6,2589,56
1760824734.530694,139,28.630,39.167000,4632.686000,6,7,2589,56
1760824735.530709,140,28.613,39.131000,4671.817000,7,7,2589,56
1760824736.530680,141,28.682,39.545000,4711.362000,7,7,2589,56
1760824737.530699,142,28.586,39.601000,4750.963000,7,7,2589,56
1760824738.531049,143,28.614,39.879000,4790.842000,7,7,2589,56
1760824739.530714,144,28.636,31.302000,4822.144000,7,7,2589,56
1760824740.530782,145,28.674,31.470000,4853.614000,7,7,2589,56
1760824741.530701,146,28.662,31.473000,4885.087000,7,7,2589,56
1760824742.530710,147,28.800,31.442000,4916.529000,8,7,2589,56
1760824743.530992,148,28.620,31.393000,4947.922000,7,7,2589,56
1760824744.530679,149,28.659,31.418000,4979.340000,7,7,2589,56
1760824745.530778,150,28.649,31.524000,5010.864000,6,6,2589,56
1760824746.530679,151,28.732,31.491000,5042.355000,6,6,2589,56
1760824747.530696,152,28.697,31.430000,5073.785000,6,7,2589,56
1760824748.530702,153,28.679,31.488000,5105.273000,6,7,2589,56
1760824749.530694,154,28.762,31.567000,5136.840000,7,7,2589,56
1760824750.530703,155,28.822,31.477000,5168.317000,7,7,2589,56
1760824751.530703,156,28.718,31.613000,5199.930000,7,7,2589,56
1760824752.531072,157,28.713,31.582000,5231.512000,7,7,2589,57
1760824753.530690,158,28.726,32.015000,5263.527000,8,7,2589,56
1760824754.530811,159,28.717,31.907000,5295.434000,8,7,2589,56
1760824755.531070,160,28.672,32.350000,5327.784000,7,7,2589,56
1760824756.530861,161,28.755,32.435000,5360.219000,7,7,2589,56
1760824757.530679,162,28.755,32.431000,5392.650000,7,7,2589,56
1760824758.530785,163,28.690,32.442000,5425.092000,7,6,2589,57
1760824759.530705,164,28.756,32.781000,5457.873000,6,7,2589,57
1760824760.530721,165,28.757,32.959000,5490.832000,7,7,2589,57
1760824761.530720,166,28.637,33.028000,5523.860000,7,7,2589,57
1760824762.530796,167,28.647,33.201000,5557.061000,7,6,2589,56
1760824763.530705,168,28.683,33.430000,5590.491000,7,7,2589,57
1760824764.530699,169,28.738,33.576000,5624.067000,7,7,2589,57
1760824765.530694,170,28.726,33.858000,5657.925000,7,7,2589,57
1760824766.530682,171,28.695,33.966000,5691.891000,7,7,2589,57
1760824767.530859,172,28.734,34.087000,5725.978000,8,7,2589,56
1760824768.530679,173,28.697,34.518000,5760.496000,7,7,2589,57
1760824769.530700,174,28.736,34.813000,5795.309000,6,6,2589,57
1760824770.530709,175,28.753,35.071000,5830.380000,6,7,2589,57
1760824771.530721,176,27.870,33.612000,5863.992000,6,6,2589,57
1760824772.530714,177,26.751,33.918000,5897.910000,6,6,2589,56
1760824773.530783,178,26.908,33.706000,5931.616000,6,6,2589,56
1760824774.530698,179,26.903,33.836000,5965.452000,7,7,2589,56
1760824775.530699,180,29.437,37.845000,6003.297000,42,20,2596,57
1760824776.530792,181,31.908,37.452000,6040.749000,6,6,2596,57
1760824777.530694,182,26.830,34.124000,6074.873000,6,6,2596,57
1760824778.531157,183,27.643,35.314000,6110.187000,5,6,2596,57
1760824779.530705,184,27.156,34.872000,6145.059000,7,6,2706,57
