ts,t_rel_s,power_w,energy_j_this_sec,energy_j_total,gpu_util_percent,mem_util_percent,mem_used_MiB,temp_c
1760851964.906816,0,19.208,0.000000,0.000000,0,0,1423,49
1760851965.906815,1,28.440,37.580000,37.580000,13,11,1990,49
1760851966.906858,2,28.390,36.535000,74.115000,6,7,2558,50
1760851967.906840,3,28.076,36.355000,110.470000,7,7,2558,50
1760851968.906928,4,27.704,36.520000,146.990000,7,7,2558,50
1760851969.906827,5,27.699,36.661000,183.651000,7,7,2549,50
1760851970.906827,6,27.686,36.875000,220.526000,6,6,2549,50
1760851971.906812,7,27.661,37.033000,257.559000,6,6,2549,51
1760851972.906929,8,27.750,37.261000,294.820000,6,7,2549,51
1760851973.906818,9,27.763,37.569000,332.389000,6,7,2549,51
1760851974.906814,10,27.686,37.631000,370.020000,7,7,2549,51
1760851975.906847,11,27.795,37.937000,407.957000,7,7,2549,51
1760851976.906832,12,27.798,38.131000,446.088000,7,7,2549,51
1760851977.906839,13,27.907,38.407000,484.495000,7,7,2546,52
1760851978.906811,14,27.890,38.525000,523.020000,6,7,2546,52
1760851979.906826,15,27.969,38.717000,561.737000,6,7,2546,52
1760851980.906826,16,28.015,38.914000,600.651000,7,7,2546,52
1760851981.906842,17,27.961,39.180000,639.831000,6,7,2546,52
1760851982.906925,18,27.981,30.735000,670.566000,6,7,2546,52
1760851983.906919,19,28.017,30.763000,701.329000,6,7,2546,52
1760851984.906833,20,27.996,30.735000,732.064000,6,6,2546,53
1760851985.906826,21,28.037,30.725000,762.789000,6,7,2546,52
1760851986.906829,22,28.006,30.738000,793.527000,7,7,2546,53
1760851987.906811,23,28.131,30.855000,824.382000,7,7,2546,53
1760851988.906827,24,28.088,30.760000,855.142000,7,7,2546,53
1760851989.906841,25,28.047,30.655000,885.797000,7,7,2546,53
1760851990.906901,26,28.004,30.778000,916.575000,6,6,2546,53
1760851991.906916,27,28.042,30.841000,947.416000,5,6,2546,53
1760851992.906923,28,28.115,30.910000,978.326000,6,6,2546,53
1760851993.906867,29,28.105,30.832000,1009.158000,6,7,2546,53
1760851994.906911,30,28.156,31.428000,1040.586000,7,7,2546,53
1760851995.906919,31,28.189,30.493000,1071.079000,7,7,2546,53
1760851996.906909,32,28.194,31.349000,1102.428000,6,7,2546,53
1760851997.906818,33,28.216,31.473000,1133.901000,7,7,2546,54
1760851998.906921,34,28.213,31.667000,1165.568000,7,7,2546,54
1760851999.906814,35,28.256,31.828000,1197.396000,7,7,2546,54
1760852000.906852,36,28.215,31.992000,1229.388000,7,7,2546,54
1760852001.906849,37,28.203,32.009000,1261.397000,6,7,2546,54
1760852002.906842,38,28.155,32.231000,1293.628000,6,6,2546,54
1760852003.906829,39,28.260,32.458000,1326.086000,5,6,2546,54
1760852004.906921,40,28.220,32.505000,1358.591000,5,6,2546,54
1760852005.906928,41,28.256,35.605000,1394.196000,6,7,2546,54
1760852006.906923,42,28.265,28.407000,1422.603000,7,7,2546,54
1760852007.906919,43,28.322,28.482000,1451.085000,7,7,2546,54
1760852008.906815,44,28.314,28.410000,1479.495000,6,7,2546,54
1760852009.906893,45,28.278,28.564000,1508.059000,7,7,2546,54
1760852010.906833,46,28.370,28.809000,1536.868000,7,7,2546,54
1760852011.906834,47,28.377,28.988000,1565.856000,7,7,2546,54
1760852012.906811,48,28.393,29.281000,1595.137000,7,7,2546,54
1760852013.906967,49,28.350,29.257000,1624.394000,5,6,2546,54
1760852014.906843,50,28.303,29.612000,1654.006000,5,6,2546,55
1760852015.906920,51,28.292,29.928000,1683.934000,5,6,2546,55
1760852016.906830,52,28.288,30.431000,1714.365000,6,6,2546,55
1760852017.906842,53,28.330,30.492000,1744.857000,7,7,2546,55
1760852018.907172,54,28.384,30.525000,1775.382000,7,7,2546,55
1760852019.906858,55,28.410,30.751000,1806.133000,7,7,2546,55
1760852020.906977,56,28.418,30.731000,1836.864000,7,7,2546,55
1760852021.906848,57,28.348,31.070000,1867.934000,7,7,2546,55
1760852022.907106,58,28.458,31.341000,1899.275000,7,7,2546,55
1760852023.906843,59,28.523,31.446000,1930.721000,7,7,2546,55
1760852024.906812,60,28.462,31.565000,1962.286000,7,7,2546,55
1760852025.906811,61,28.383,31.641000,1993.927000,6,7,2546,55
1760852026.906850,62,28.397,31.908000,2025.835000,5,6,2546,55
1760852027.906837,63,28.459,32.096000,2057.931000,5,6,2546,55
1760852028.906919,64,28.435,32.395000,2090.326000,6,7,2546,55
1760852029.906913,65,28.420,32.726000,2123.052000,7,7,2546,55
1760852030.906918,66,28.517,32.850000,2155.902000,7,7,2546,55
1760852031.906838,67,28.492,32.993000,2188.895000,6,7,2546,55
1760852032.907274,68,28.462,33.132000,2222.027000,7,7,2546,55
1760852033.906859,69,28.468,33.517000,2255.544000,7,7,2546,55
1760852034.907038,70,28.599,33.664000,2289.208000,7,7,2546,55
1760852035.907246,71,28.539,33.769000,2322.977000,7,7,2546,55
1760852036.906835,72,28.455,34.093000,2357.070000,7,7,2546,55
1760852037.906959,73,28.422,34.143000,2391.213000,6,6,2546,56
1760852038.906833,74,28.504,34.428000,2425.641000,6,7,2546,55
1760852039.906919,75,28.496,34.555000,2460.196000,6,7,2546,55
1760852040.906909,76,28.443,31.199000,2491.395000,6,7,2546,55
1760852041.906835,77,28.408,30.998000,2522.393000,6,7,2546,55
1760852042.906961,78,28.473,31.223000,2553.616000,7,7,2546,55
1760852043.906826,79,28.496,31.180000,2584.796000,6,6,2546,55
1760852044.906864,80,28.502,31.220000,2616.016000,6,7,2546,55
1760852045.906919,81,28.508,31.175000,2647.191000,7,7,2546,55
1760852046.906941,82,28.495,30.961000,2678.152000,7,7,2546,55
1760852047.906853,83,26.685,29.216000,2707.368000,4,5,2546,55
1760852048.906865,84,27.063,30.299000,2737.667000,5,5,2546,55
1760852049.906848,85,27.380,30.075000,2767.742000,4,5,2546,55
1760852050.906924,86,26.364,28.747000,2796.489000,7,7,2546,55
1760852051.907191,87,26.657,29.586000,2826.075000,4,5,2546,55
1760852052.906850,88,26.647,29.274000,2855.349000,4,5,2546,55
1760852053.906841,89,26.355,28.989000,2884.338000,4,5,2546,55
1760852054.906853,90,26.160,29.112000,2913.450000,4,5,2546,55
1760852055.906952,91,26.211,29.283000,2942.733000,4,5,2656,55
1760852056.906848,92,26.297,29.357000,2972.090000,3,5,2656,55
1760852057.906955,93,26.079,29.639000,3001.729000,3,4,2656,55
1760852058.906821,94,26.189,30.018000,3031.747000,4,5,2054,55
1760852059.906863,95,26.480,30.134000,3061.881000,4,5,2088,55
1760852060.906851,96,26.111,29.679000,3091.560000,3,5,2088,55
1760852061.906832,97,26.643,31.172000,3122.732000,7,5,2088,56
1760852062.906810,98,27.585,31.702000,3154.434000,14,9,1410,55
1760852063.906845,99,27.597,32.873000,3187.307000,6,6,2273,56
1760852064.907207,100,29.515,33.511000,3220.818000,15,10,2546,56
1760852065.906920,101,28.569,33.321000,3254.139000,7,7,2546,56
1760852066.906851,102,28.589,33.375000,3287.514000,7,7,2546,56
1760852067.906842,103,28.560,33.672000,3321.186000,7,7,2546,56
1760852068.906838,104,28.516,33.746000,3354.932000,7,7,2546,56
1760852069.906837,105,28.510,33.862000,3388.794000,6,7,2546,56
1760852070.906928,106,28.564,34.106000,3422.900000,6,7,2546,56
1760852071.906810,107,28.511,34.449000,3457.349000,6,7,2546,56
1760852072.907151,108,28.600,34.356000,3491.705000,6,6,2546,56
1760852073.906831,109,28.520,34.814000,3526.519000,6,7,2546,56
1760852074.906826,110,28.603,34.972000,3561.491000,5,6,2546,56
1760852075.906811,111,28.564,34.904000,3596.395000,6,6,2546,56
1760852076.906830,112,28.479,35.245000,3631.640000,7,7,2546,56
1760852077.906826,113,28.599,35.482000,3667.122000,7,7,2546,56
1760852078.906815,114,28.635,35.742000,3702.864000,7,7,2546,56
1760852079.906840,115,28.599,35.891000,3738.755000,6,6,2546,56
1760852080.906920,116,28.590,36.143000,3774.898000,6,7,2546,56
1760852081.906924,117,28.539,36.316000,3811.214000,7,7,2546,56
1760852082.906817,118,28.588,36.607000,3847.821000,7,7,2546,56
1760852083.906856,119,28.564,36.497000,3884.318000,6,7,2546,56
1760852084.906835,120,28.760,36.948000,3921.266000,8,8,2562,56
1760852085.906811,121,28.821,37.169000,3958.435000,7,7,2566,56
1760852086.906835,122,28.643,37.180000,3995.615000,7,7,2565,56
1760852087.906833,123,28.563,37.306000,4032.921000,7,7,2563,56
1760852088.907128,124,28.474,37.411000,4070.332000,7,7,2563,56
1760852089.906850,125,28.509,37.917000,4108.249000,6,6,2563,56
1760852090.906816,126,28.531,37.917000,4146.166000,6,6,2549,56
1760852091.906834,127,28.464,37.973000,4184.139000,6,7,2549,56
1760852092.906833,128,28.492,38.343000,4222.482000,6,6,2549,56
1760852093.906826,129,28.532,38.595000,4261.077000,6,7,2549,56
1760852094.906835,130,28.493,38.717000,4299.794000,6,7,2549,56
1760852095.906918,131,28.529,38.957000,4338.751000,7,7,2549,56
1760852096.907241,132,28.507,39.175000,4377.926000,6,7,2549,56
1760852097.906929,133,28.575,39.464000,4417.390000,7,7,2549,56
1760852098.906811,134,28.630,39.708000,4457.098000,7,7,2549,56
1760852099.906828,135,28.546,39.560000,4496.658000,7,7,2549,56
1760852100.906810,136,28.659,39.761000,4536.419000,7,7,2549,56
1760852101.906837,137,28.631,31.350000,4567.769000,6,7,2549,56
1760852102.906812,138,28.627,31.457000,4599.226000,6,7,2549,56
1760852103.906832,139,28.557,31.381000,4630.607000,6,6,2549,56
1760852104.906844,140,28.570,31.481000,4662.088000,6,7,2549,56
1760852105.906923,141,28.570,31.427000,4693.515000,6,6,2549,56
1760852106.906830,142,28.529,31.340000,4724.855000,6,7,2549,56
1760852107.906843,143,28.532,31.391000,4756.246000,7,7,2549,56
1760852108.906847,144,28.603,31.480000,4787.726000,7,7,2549,56
1760852109.906833,145,28.638,31.362000,4819.088000,7,7,2549,56
1760852110.906832,146,28.641,31.453000,4850.541000,7,7,2549,56
1760852111.906809,147,28.541,31.380000,4881.921000,7,7,2549,56
1760852112.906913,148,28.624,31.388000,4913.309000,6,7,2549,56
1760852113.906843,149,28.660,31.516000,4944.825000,7,7,2549,56
1760852114.907247,150,28.606,31.468000,4976.293000,7,7,2549,56
1760852115.906832,151,28.580,31.902000,5008.195000,6,7,2549,56
1760852116.906815,152,28.534,31.772000,5039.967000,6,6,2549,56
1760852117.906813,153,28.622,31.946000,5071.913000,6,7,2549,56
1760852118.906927,154,28.596,32.377000,5104.290000,6,7,2549,56
1760852119.906811,155,28.563,32.295000,5136.585000,6,7,2549,56
1760852120.906833,156,28.581,32.376000,5168.961000,7,7,2549,56
1760852121.906826,157,28.553,32.574000,5201.535000,7,7,2549,56
1760852122.906936,158,28.603,32.662000,5234.197000,7,7,2549,56
1760852123.906910,159,28.585,32.882000,5267.079000,7,7,2549,56
1760852124.907054,160,28.630,33.098000,5300.177000,7,7,2549,56
1760852125.906830,161,28.670,33.395000,5333.572000,7,7,2549,56
1760852126.906832,162,28.560,33.486000,5367.058000,7,7,2549,56
1760852127.906834,163,28.594,33.736000,5400.794000,7,7,2549,56
1760852128.906823,164,28.556,34.055000,5434.849000,6,7,2549,56
1760852129.906837,165,28.535,33.951000,5468.800000,6,7,2549,56
1760852130.906836,166,28.502,34.187000,5502.987000,6,7,2549,56
1760852131.906847,167,28.494,34.655000,5537.642000,6,6,2549,56
1760852132.906854,168,28.575,34.851000,5572.493000,6,7,2549,56
1760852133.906810,169,28.645,35.213000,5607.706000,6,6,2549,56
1760852134.906826,170,28.573,35.142000,5642.848000,6,7,2549,56
1760852135.906842,171,28.637,35.526000,5678.374000,6,7,2549,56
1760852136.906812,172,28.665,35.532000,5713.906000,7,7,2549,56
1760852137.906833,173,28.685,35.593000,5749.499000,7,7,2549,56
1760852138.906933,174,28.621,35.824000,5785.323000,6,7,2549,56
1760852139.906832,175,28.613,36.090000,5821.413000,7,7,2549,56
1760852140.906842,176,28.687,36.328000,5857.741000,7,7,2549,56
1760852141.906861,177,28.635,36.093000,5893.834000,7,7,2549,56
1760852142.906930,178,27.667,35.348000,5929.182000,5,6,2549,56
1760852143.906953,179,27.320,35.046000,5964.228000,4,5,2549,56
1760852144.906825,180,27.198,36.543000,6000.771000,9,8,2543,56
1760852145.907173,181,28.972,36.854000,6037.625000,11,10,2543,56
1760852146.906817,182,26.647,35.354000,6072.979000,6,7,2543,56
1760852147.906853,183,26.816,35.193000,6108.172000,6,6,2543,56
1760852148.906838,184,26.454,36.345000,6144.517000,5,6,2543,56
