ts,t_rel_s,power_w,energy_j_this_sec,energy_j_total,gpu_util_percent,mem_util_percent,mem_used_MiB,temp_c
1760403547.393573,0,20.909,0.000000,0.000000,6,8,1017,55
1760403548.393575,1,34.139,37.009000,37.009000,9,9,1617,56
1760403549.393567,2,33.638,44.049000,81.058000,8,9,2023,56
1760403550.393569,3,33.814,44.314000,125.372000,7,9,2385,56
1760403551.393613,4,33.704,44.555000,169.927000,6,8,2429,56
1760403552.393616,5,33.933,45.202000,215.129000,7,9,2429,57
1760403553.393584,6,34.166,36.911000,252.040000,7,9,2429,57
1760403554.393617,7,34.050,36.973000,289.013000,6,8,2429,57
1760403555.393613,8,33.815,36.749000,325.762000,7,9,2429,57
1760403556.393570,9,33.650,36.692000,362.454000,7,9,2429,57
1760403557.393612,10,33.462,36.223000,398.677000,7,9,2429,57
1760403558.393629,11,33.451,36.357000,435.034000,6,8,2429,57
1760403559.393590,12,33.515,36.311000,471.345000,7,8,2429,58
1760403560.393574,13,33.681,36.584000,507.929000,7,9,2429,58
1760403561.393571,14,33.774,36.599000,544.528000,7,8,2429,58
1760403562.393617,15,33.911,36.817000,581.345000,7,9,2429,58
1760403563.393566,16,34.113,37.025000,618.370000,7,9,2429,58
1760403564.393586,17,34.188,36.976000,655.346000,7,8,2429,58
1760403565.393618,18,34.246,36.974000,692.320000,7,8,2429,59
1760403566.393569,19,34.277,37.126000,729.446000,7,8,2429,59
1760403567.393616,20,34.375,37.239000,766.685000,7,8,2429,59
1760403568.393579,21,34.424,37.179000,803.864000,6,8,2429,59
1760403569.393567,22,34.472,37.649000,841.513000,7,8,2429,59
1760403570.393616,23,34.397,37.553000,879.066000,7,9,2429,59
1760403571.393620,24,34.125,37.536000,916.602000,7,9,2429,59
1760403572.393615,25,34.240,37.976000,954.578000,7,8,2429,60
1760403573.393566,26,33.941,37.749000,992.327000,6,8,2429,60
1760403574.393637,27,33.884,37.600000,1029.927000,7,8,2429,60
1760403575.393617,28,33.970,37.951000,1067.878000,7,9,2429,60
1760403576.393617,29,34.005,37.995000,1105.873000,7,8,2429,60
1760403577.393614,30,34.085,38.407000,1144.280000,7,9,2429,60
1760403578.393617,31,34.145,38.519000,1182.799000,7,8,2429,60
1760403579.393616,32,34.202,38.872000,1221.671000,7,8,2429,60
1760403580.393584,33,34.295,39.145000,1260.816000,7,9,2429,61
1760403581.393616,34,34.207,39.048000,1299.864000,7,8,2429,61
1760403582.393617,35,34.434,39.636000,1339.500000,6,8,2429,61
1760403583.393612,36,34.539,39.884000,1379.384000,6,8,2429,61
1760403584.393616,37,34.933,40.677000,1420.061000,7,9,2429,61
1760403585.393616,38,35.185,40.831000,1460.892000,6,8,2429,61
1760403586.393589,39,35.292,41.195000,1502.087000,6,8,2429,62
1760403587.393579,40,35.250,41.184000,1543.271000,7,9,2429,62
1760403588.393619,41,35.537,41.682000,1584.953000,7,8,2429,62
1760403589.393589,42,35.259,41.687000,1626.640000,7,8,2429,62
1760403590.393582,43,34.867,41.250000,1667.890000,6,8,2429,62
1760403591.393615,44,35.066,41.861000,1709.751000,6,8,2429,62
1760403592.393570,45,34.923,41.853000,1751.604000,6,8,2429,62
1760403593.393587,46,35.349,42.317000,1793.921000,7,8,2429,62
1760403594.393588,47,35.223,42.426000,1836.347000,6,8,2429,61
1760403595.393616,48,35.381,42.746000,1879.093000,6,8,2429,61
1760403596.393616,49,35.177,42.702000,1921.795000,6,8,2429,61
1760403597.393620,50,35.017,42.880000,1964.675000,6,8,2429,61
1760403598.393623,51,35.027,42.922000,2007.597000,6,8,2429,61
1760403599.393568,52,35.088,43.108000,2050.705000,7,9,2429,61
1760403600.393615,53,35.139,43.339000,2094.044000,8,9,2429,61
1760403601.393599,54,34.968,43.304000,2137.348000,7,8,2429,61
1760403602.393569,55,34.803,46.893000,2184.241000,7,9,2429,60
1760403603.393613,56,34.643,34.856000,2219.097000,7,9,2429,60
1760403604.393612,57,34.479,34.605000,2253.702000,7,9,2429,60
1760403605.393616,58,34.659,34.731000,2288.433000,6,8,2429,60
1760403606.393617,59,34.600,34.785000,2323.218000,6,8,2429,60
1760403607.393613,60,34.612,34.851000,2358.069000,7,9,2429,60
1760403608.393580,61,34.485,34.990000,2393.059000,6,8,2429,60
1760403609.393610,62,34.636,35.408000,2428.467000,7,8,2429,60
1760403610.393569,63,34.455,35.421000,2463.888000,6,9,2429,60
1760403611.393569,64,34.343,35.385000,2499.273000,6,8,2429,60
1760403612.393590,65,34.376,35.632000,2534.905000,6,8,2429,59
1760403613.393579,66,34.263,35.838000,2570.743000,7,8,2429,59
1760403614.393618,67,34.440,36.297000,2607.040000,6,8,2429,59
1760403615.393618,68,34.488,36.466000,2643.506000,6,8,2429,59
1760403616.393585,69,34.635,36.769000,2680.275000,6,8,2429,59
1760403617.393584,70,34.896,37.845000,2718.120000,6,8,2429,59
1760403618.393630,71,34.767,37.693000,2755.813000,7,8,2429,59
1760403619.393617,72,34.684,37.747000,2793.560000,7,9,2429,59
1760403620.393617,73,34.774,37.646000,2831.206000,7,8,2429,59
1760403621.393619,74,34.696,37.714000,2868.920000,6,9,2429,59
1760403622.393673,75,34.561,37.627000,2906.547000,6,8,2429,59
1760403623.393632,76,34.300,37.460000,2944.007000,6,8,2429,58
1760403624.393617,77,34.379,37.452000,2981.459000,7,8,2429,58
1760403625.393616,78,34.240,37.207000,3018.666000,6,8,2429,58
1760403626.393617,79,34.411,37.560000,3056.226000,7,9,2429,58
1760403627.393613,80,34.359,37.261000,3093.487000,7,9,2429,58
1760403628.393569,81,34.425,37.403000,3130.890000,7,9,2429,58
1760403629.393565,82,34.649,37.572000,3168.462000,10,9,2539,58
1760403630.393570,83,34.454,37.391000,3205.853000,9,9,2244,58
1760403631.393598,84,34.873,37.694000,3243.547000,7,9,2023,58
1760403632.393613,85,34.819,37.922000,3281.469000,6,8,2429,58
1760403633.393613,86,34.447,37.728000,3319.197000,7,9,2429,58
1760403634.393619,87,34.633,35.171000,3354.368000,7,8,2429,58
1760403635.393589,88,34.398,35.115000,3389.483000,7,9,2429,58
1760403636.393588,89,34.330,35.260000,3424.743000,7,8,2429,58
1760403637.393620,90,34.042,35.134000,3459.877000,7,9,2429,57
1760403638.393569,91,33.918,35.307000,3495.184000,7,9,2429,58
1760403639.393585,92,34.026,35.694000,3530.878000,7,9,2429,57
1760403640.393587,93,33.905,35.810000,3566.688000,7,8,2429,57
1760403641.393579,94,33.827,35.575000,3602.263000,7,9,2429,57
1760403642.393590,95,33.833,35.787000,3638.050000,6,8,2429,57
1760403643.393616,96,33.846,35.803000,3673.853000,7,9,2429,57
1760403644.393566,97,33.962,36.087000,3709.940000,7,9,2429,57
1760403645.393622,98,33.748,36.160000,3746.100000,7,9,2429,57
1760403646.393613,99,33.518,36.070000,3782.170000,7,8,2429,57
1760403647.393614,100,33.524,36.237000,3818.407000,7,9,2429,57
1760403648.393566,101,33.493,36.567000,3854.974000,7,9,2429,57
1760403649.393621,102,33.649,36.639000,3891.613000,6,8,2429,57
1760403650.393616,103,33.536,36.884000,3928.497000,7,8,2429,57
1760403651.393568,104,33.713,37.018000,3965.515000,7,8,2429,57
1760403652.393588,105,33.757,37.227000,4002.742000,6,8,2429,57
1760403653.393583,106,33.789,37.549000,4040.291000,6,8,2429,57
1760403654.393619,107,33.870,37.932000,4078.223000,6,8,2429,57
1760403655.393617,108,34.018,38.227000,4116.450000,7,8,2429,57
1760403656.393614,109,34.015,38.353000,4154.803000,7,8,2429,57
1760403657.393614,110,33.936,38.589000,4193.392000,7,8,2429,56
1760403658.393590,111,33.895,38.558000,4231.950000,6,8,2429,56
1760403659.393617,112,33.599,38.367000,4270.317000,6,8,2429,56
1760403660.393617,113,33.893,38.943000,4309.260000,6,8,2429,56
1760403661.393617,114,33.778,39.100000,4348.360000,6,8,2429,56
1760403662.393617,115,33.778,39.405000,4387.765000,6,8,2429,56
1760403663.393616,116,33.665,39.237000,4427.002000,7,9,2429,56
1760403664.393625,117,33.715,39.474000,4466.476000,7,9,2429,56
1760403665.393580,118,33.768,39.519000,4505.995000,7,9,2429,56
1760403666.393617,119,33.684,39.909000,4545.904000,7,9,2429,56
1760403667.393568,120,33.795,40.007000,4585.911000,7,9,2429,56
1760403668.393616,121,33.298,39.630000,4625.541000,7,8,2429,56
1760403669.393590,122,33.345,40.457000,4665.998000,7,9,2429,56
1760403670.393566,123,33.134,39.886000,4705.884000,7,8,2429,56
1760403671.393572,124,32.785,39.566000,4745.450000,7,9,2429,56
1760403672.393588,125,32.638,39.789000,4785.239000,6,8,2539,55
1760403673.393569,126,32.902,40.038000,4825.277000,7,8,2133,56
1760403674.393616,127,33.556,40.836000,4866.113000,12,10,2023,56
1760403675.393578,128,33.335,40.970000,4907.083000,12,9,1838,56
1760403676.393622,129,34.308,42.270000,4949.353000,7,8,2023,56
1760403677.393600,130,33.781,41.777000,4991.130000,6,8,2038,56
1760403678.393616,131,34.058,37.808000,5028.938000,6,8,2429,56
1760403679.393569,132,33.707,42.291000,5071.229000,6,8,2429,56
1760403680.393567,133,33.608,36.223000,5107.452000,7,8,2429,56
1760403681.393616,134,33.591,36.441000,5143.893000,7,9,2429,56
1760403682.393615,135,33.608,36.336000,5180.229000,6,9,2429,56
1760403683.393595,136,33.578,36.245000,5216.474000,6,8,2429,56
1760403684.393565,137,33.628,36.271000,5252.745000,6,8,2429,56
1760403685.393615,138,33.475,36.150000,5288.895000,7,9,2429,55
1760403686.393617,139,33.709,36.273000,5325.168000,7,9,2429,56
1760403687.393616,140,33.663,36.400000,5361.568000,7,9,2429,55
1760403688.393616,141,33.660,36.407000,5397.975000,7,9,2429,55
1760403689.393572,142,33.680,36.375000,5434.350000,7,9,2429,55
1760403690.393617,143,33.724,36.368000,5470.718000,7,8,2429,55
1760403691.393612,144,33.541,36.394000,5507.112000,6,8,2429,55
1760403692.393582,145,33.566,36.413000,5543.525000,7,8,2429,55
1760403693.393615,146,33.572,36.377000,5579.902000,6,8,2429,55
1760403694.393566,147,33.572,36.169000,5616.071000,6,8,2429,55
1760403695.393568,148,33.651,36.306000,5652.377000,6,8,2429,55
1760403696.393588,149,33.675,36.473000,5688.850000,6,8,2429,55
1760403697.393611,150,33.499,36.703000,5725.553000,7,8,2429,55
1760403698.393611,151,33.459,37.072000,5762.625000,6,8,2429,55
1760403699.393588,152,33.477,37.054000,5799.679000,7,9,2429,55
1760403700.393614,153,33.612,37.153000,5836.832000,7,9,2429,55
1760403701.393565,154,33.586,37.212000,5874.044000,7,8,2429,55
1760403702.393618,155,33.441,37.281000,5911.325000,7,8,2429,55
1760403703.393613,156,33.559,37.561000,5948.886000,6,8,2429,55
1760403704.393572,157,33.320,37.630000,5986.516000,6,8,2429,55
1760403705.393570,158,33.394,37.761000,6024.277000,6,8,2429,55
1760403706.393616,159,33.629,38.259000,6062.536000,6,8,2429,55
1760403707.393616,160,33.466,38.121000,6100.657000,6,8,2429,55
1760403708.393617,161,33.522,38.536000,6139.193000,6,8,2429,55
1760403709.393616,162,33.447,38.707000,6177.900000,6,8,2429,55
1760403710.393617,163,33.467,39.097000,6216.997000,6,8,2429,55
1760403711.393617,164,33.557,39.175000,6256.172000,6,8,2429,55
1760403712.393617,165,33.468,39.154000,6295.326000,6,8,2429,55
1760403713.393569,166,33.456,39.492000,6334.818000,7,8,2429,55
1760403714.393648,167,33.587,39.510000,6374.328000,7,9,2429,54
1760403715.393570,168,33.481,39.639000,6413.967000,7,8,2429,55
1760403716.393570,169,33.509,39.859000,6453.826000,7,8,2429,55
1760403717.393573,170,33.471,39.888000,6493.714000,7,8,2539,54
1760403718.393569,171,33.279,40.081000,6533.795000,6,8,2490,54
1760403719.393620,172,33.714,40.547000,6574.342000,7,8,2023,54
1760403720.393565,173,33.536,40.701000,6615.043000,6,8,2023,55
1760403721.393626,174,33.771,41.063000,6656.106000,9,9,2429,55
1760403722.393618,175,33.611,41.007000,6697.113000,6,8,2429,55
1760403723.393618,176,33.538,41.213000,6738.326000,7,9,2429,54
1760403724.393614,177,33.398,41.119000,6779.445000,6,8,2429,55
1760403725.393601,178,33.289,41.326000,6820.771000,7,9,2429,54
1760403726.393618,179,33.361,41.432000,6862.203000,7,9,2429,54
1760403727.393617,180,33.354,41.629000,6903.832000,7,8,2429,54
1760403728.393566,181,33.110,41.678000,6945.510000,6,8,2429,54
1760403729.393620,182,33.172,41.847000,6987.357000,6,8,2429,54
1760403730.393617,183,33.004,41.830000,7029.187000,7,8,2429,54
1760403731.393601,184,33.157,42.176000,7071.363000,7,8,2429,54
