ts,t_rel_s,power_w,energy_j_this_sec,energy_j_total,gpu_util_percent,mem_util_percent,mem_used_MiB,temp_c
1760398397.448175,0,19.011,0.000000,0.000000,7,10,1211,54
1760398398.448176,1,33.160,43.614000,43.614000,6,8,1617,56
1760398399.448201,2,34.046,43.698000,87.312000,9,9,1915,56
1760398400.448186,3,34.577,44.377000,131.689000,7,9,2429,56
1760398401.448184,4,33.499,43.479000,175.168000,7,9,2429,57
1760398402.448175,5,33.329,43.449000,218.617000,6,8,2429,57
1760398403.448197,6,33.543,43.811000,262.428000,7,9,2429,57
1760398404.448215,7,33.660,44.019000,306.447000,7,8,2429,57
1760398405.448165,8,33.842,44.595000,351.042000,6,8,2429,57
1760398406.448220,9,33.878,44.712000,395.754000,8,9,2429,57
1760398407.448214,10,33.738,44.612000,440.366000,7,9,2429,57
1760398408.448216,11,33.406,36.026000,476.392000,7,8,2429,58
1760398409.448183,12,33.500,36.271000,512.663000,6,8,2429,58
1760398410.448214,13,33.730,36.528000,549.191000,6,8,2429,58
1760398411.448164,14,33.807,36.709000,585.900000,7,8,2429,58
1760398412.448214,15,33.952,36.758000,622.658000,6,8,2429,58
1760398413.448212,16,33.981,36.894000,659.552000,7,9,2429,58
1760398414.448189,17,34.049,36.936000,696.488000,7,9,2429,59
1760398415.448213,18,34.006,36.877000,733.365000,7,8,2429,59
1760398416.448220,19,34.187,37.206000,770.571000,7,8,2429,59
1760398417.448171,20,34.513,37.354000,807.925000,7,8,2429,59
1760398418.448214,21,34.136,36.896000,844.821000,7,8,2429,59
1760398419.448212,22,33.962,36.767000,881.588000,8,9,2429,59
1760398420.448213,23,34.040,36.872000,918.460000,7,9,2429,59
1760398421.448185,24,34.036,36.773000,955.233000,7,8,2429,60
1760398422.448214,25,34.324,37.085000,992.318000,8,9,2429,60
1760398423.448225,26,34.248,36.981000,1029.299000,6,8,2429,60
1760398424.448217,27,34.016,36.916000,1066.215000,7,9,2429,60
1760398425.448233,28,33.979,37.336000,1103.551000,7,9,2429,60
1760398426.448214,29,34.079,37.311000,1140.862000,6,8,2429,60
1760398427.448242,30,34.107,37.584000,1178.446000,7,8,2429,60
1760398428.448220,31,34.300,38.108000,1216.554000,7,8,2429,61
1760398429.448197,32,34.206,37.730000,1254.284000,7,9,2429,61
1760398430.448214,33,34.228,37.868000,1292.152000,6,8,2429,61
1760398431.448212,34,34.321,38.357000,1330.509000,7,8,2429,61
1760398432.448214,35,34.604,38.826000,1369.335000,6,8,2429,61
1760398433.448213,36,34.958,39.131000,1408.466000,7,9,2429,61
1760398434.448200,37,34.937,39.576000,1448.042000,7,8,2429,61
1760398435.448214,38,34.429,38.990000,1487.032000,7,8,2429,61
1760398436.448181,39,34.619,39.308000,1526.340000,7,9,2429,62
1760398437.448214,40,34.539,39.541000,1565.881000,7,8,2429,62
1760398438.448213,41,35.109,40.332000,1606.213000,6,8,2429,62
1760398439.448163,42,35.293,40.701000,1646.914000,7,9,2429,62
1760398440.448220,43,35.254,40.685000,1687.599000,6,8,2429,62
1760398441.448215,44,34.653,40.477000,1728.076000,7,8,2429,61
1760398442.448215,45,34.772,40.754000,1768.830000,6,8,2429,61
1760398443.448215,46,34.964,40.885000,1809.715000,7,9,2429,61
1760398444.448227,47,34.967,41.168000,1850.883000,6,8,2429,61
1760398445.448212,48,34.988,41.435000,1892.318000,6,8,2429,61
1760398446.448215,49,35.001,41.647000,1933.965000,6,8,2429,61
1760398447.448167,50,34.639,41.461000,1975.426000,7,8,2429,61
1760398448.448163,51,34.766,41.674000,2017.100000,6,8,2429,61
1760398449.448167,52,34.799,41.777000,2058.877000,7,8,2429,61
1760398450.448176,53,34.796,41.882000,2100.759000,6,8,2429,60
1760398451.448184,54,34.763,42.179000,2142.938000,7,9,2429,60
1760398452.448226,55,34.585,42.120000,2185.058000,7,9,2429,60
1760398453.448218,56,34.312,41.947000,2227.005000,7,8,2429,60
1760398454.448215,57,34.491,42.559000,2269.564000,7,8,2429,60
1760398455.448216,58,34.577,42.528000,2312.092000,7,8,2429,60
1760398456.448217,59,34.379,42.682000,2354.774000,6,8,2429,60
1760398457.448211,60,34.273,46.044000,2400.818000,6,8,2429,60
1760398458.448223,61,34.076,34.443000,2435.261000,5,7,2429,59
1760398459.448213,62,34.082,34.369000,2469.630000,6,8,2429,59
1760398460.448219,63,34.187,34.305000,2503.935000,6,8,2429,59
1760398461.448184,64,34.241,34.621000,2538.556000,7,9,2429,59
1760398462.448215,65,34.350,34.912000,2573.468000,7,8,2429,59
1760398463.448213,66,34.150,34.726000,2608.194000,6,8,2429,59
1760398464.448215,67,34.310,35.269000,2643.463000,6,8,2429,59
1760398465.448232,68,34.300,35.269000,2678.732000,7,8,2429,59
1760398466.448188,69,34.222,35.586000,2714.318000,6,8,2429,59
1760398467.448177,70,34.333,35.689000,2750.007000,7,8,2429,59
1760398468.448219,71,34.310,35.953000,2785.960000,7,8,2429,59
1760398469.448180,72,34.282,36.163000,2822.123000,7,9,2429,59
1760398470.448537,73,34.509,36.617000,2858.740000,7,8,2429,59
1760398471.448217,74,34.408,36.998000,2895.738000,7,8,2429,58
1760398472.448178,75,34.414,37.039000,2932.777000,6,8,2429,59
1760398473.448212,76,34.270,42.081000,2974.858000,6,8,2429,58
1760398474.448213,77,34.101,41.632000,3016.490000,6,8,2429,58
1760398475.448174,78,34.146,41.651000,3058.141000,6,8,2429,58
1760398476.448170,79,34.288,42.014000,3100.155000,6,8,2429,58
1760398477.448215,80,34.242,41.613000,3141.768000,6,8,2429,58
1760398478.448215,81,34.250,41.678000,3183.446000,7,8,2429,58
1760398479.448235,82,34.180,41.379000,3224.825000,7,8,2429,58
1760398480.448188,83,34.134,41.228000,3266.053000,6,8,2429,58
1760398481.448222,84,34.216,41.944000,3307.997000,7,8,2429,58
1760398482.448218,85,34.120,41.346000,3349.343000,6,8,2429,58
1760398483.448213,86,34.066,41.624000,3390.967000,7,8,2429,58
1760398484.448178,87,34.090,36.663000,3427.630000,7,8,2429,58
1760398485.448213,88,34.043,41.812000,3469.442000,6,8,2429,58
1760398486.448215,89,33.974,41.782000,3511.224000,7,8,2429,58
1760398487.448169,90,33.885,41.193000,3552.417000,7,8,2539,57
1760398488.448188,91,34.003,37.110000,3589.527000,7,9,2023,57
1760398489.448215,92,34.448,42.147000,3631.674000,9,9,2429,58
1760398490.448164,93,34.112,41.477000,3673.151000,7,8,2429,57
1760398491.448213,94,33.754,36.567000,3709.718000,6,8,2429,57
1760398492.448177,95,33.827,41.628000,3751.346000,6,8,2429,57
1760398493.448214,96,33.844,41.376000,3792.722000,7,9,2429,57
1760398494.448216,97,33.682,34.944000,3827.666000,6,8,2429,57
1760398495.448212,98,33.662,41.213000,3868.879000,6,8,2429,57
1760398496.448216,99,33.459,41.004000,3909.883000,7,8,2429,57
1760398497.448215,100,33.645,35.500000,3945.383000,6,8,2429,57
1760398498.448189,101,33.831,41.086000,3986.469000,7,9,2429,57
1760398499.448215,102,33.768,41.567000,4028.036000,7,8,2429,57
1760398500.448170,103,33.587,40.986000,4069.022000,7,8,2429,57
1760398501.448214,104,33.461,40.735000,4109.757000,7,8,2429,57
1760398502.448215,105,33.447,40.903000,4150.660000,6,8,2429,57
1760398503.448223,106,33.696,41.586000,4192.246000,7,8,2429,57
1760398504.448215,107,33.874,41.477000,4233.723000,6,8,2429,57
1760398505.448214,108,33.608,36.268000,4269.991000,7,8,2429,57
1760398506.448174,109,33.729,41.304000,4311.295000,6,8,2429,57
1760398507.448214,110,33.695,41.477000,4352.772000,7,8,2429,57
1760398508.448168,111,33.594,40.769000,4393.541000,6,8,2429,57
1760398509.448211,112,33.641,40.930000,4434.471000,6,8,2429,56
1760398510.448187,113,33.552,41.369000,4475.840000,6,8,2429,56
1760398511.448213,114,33.679,41.276000,4517.116000,6,8,2429,56
1760398512.448221,115,33.934,36.573000,4553.689000,6,8,2429,56
1760398513.448219,116,33.726,41.512000,4595.201000,7,9,2429,56
1760398514.448214,117,33.637,41.059000,4636.260000,6,8,2429,56
1760398515.448163,118,33.606,41.321000,4677.581000,7,8,2429,56
1760398516.448215,119,33.379,41.125000,4718.706000,6,8,2429,56
1760398517.448169,120,33.710,41.793000,4760.499000,7,9,2429,56
1760398518.448169,121,33.437,38.750000,4799.249000,7,8,2429,56
1760398519.448215,122,33.386,36.277000,4835.526000,6,8,2429,56
1760398520.448214,123,33.288,41.751000,4877.277000,6,8,2429,56
1760398521.448216,124,33.242,39.069000,4916.346000,6,8,2429,56
1760398522.448184,125,33.060,41.747000,4958.093000,5,8,2539,56
1760398523.448218,126,33.455,42.497000,5000.590000,6,8,2023,56
1760398524.448213,127,32.943,39.303000,5039.893000,6,7,2023,56
1760398525.448170,128,33.206,42.831000,5082.724000,6,8,2242,56
1760398526.448166,129,33.260,42.097000,5124.821000,7,8,2429,56
1760398527.448212,130,32.837,39.828000,5164.649000,6,8,2539,56
1760398528.448165,131,33.351,43.004000,5207.653000,9,8,2352,56
1760398529.448214,132,33.749,43.544000,5251.197000,7,8,2023,56
1760398530.448196,133,33.569,43.624000,5294.821000,6,7,2023,56
1760398531.448214,134,33.991,44.089000,5338.910000,6,8,2429,56
1760398532.448219,135,33.316,43.624000,5382.534000,7,8,2429,56
1760398533.448214,136,33.315,44.053000,5426.587000,7,8,2429,56
1760398534.448215,137,33.443,44.050000,5470.637000,6,8,2429,56
1760398535.448214,138,33.615,44.577000,5515.214000,7,8,2429,55
1760398536.448216,139,33.168,44.341000,5559.555000,6,8,2429,55
1760398537.448236,140,33.326,36.164000,5595.719000,6,8,2429,56
1760398538.448170,141,33.376,36.169000,5631.888000,6,8,2429,55
1760398539.448214,142,33.345,35.858000,5667.746000,6,8,2429,55
1760398540.448215,143,33.427,36.402000,5704.148000,7,8,2429,55
1760398541.448193,144,33.427,37.704000,5741.852000,7,8,2429,55
1760398542.448212,145,33.549,36.181000,5778.033000,6,8,2429,55
1760398543.448166,146,33.269,36.109000,5814.142000,7,8,2429,55
1760398544.448187,147,33.532,36.270000,5850.412000,6,8,2429,55
1760398545.448217,148,33.365,36.244000,5886.656000,7,8,2429,55
1760398546.448223,149,33.432,36.277000,5922.933000,6,8,2429,55
1760398547.448214,150,33.527,36.210000,5959.143000,7,9,2429,55
1760398548.448216,151,33.508,36.257000,5995.400000,6,8,2429,55
1760398549.448188,152,33.287,35.935000,6031.335000,6,8,2429,55
1760398550.448217,153,33.197,36.021000,6067.356000,6,8,2429,55
1760398551.448198,154,33.138,35.871000,6103.227000,6,8,2429,55
1760398552.448232,155,33.116,36.027000,6139.254000,7,8,2429,55
1760398553.448216,156,33.204,36.183000,6175.437000,7,8,2429,55
1760398554.448177,157,33.262,36.728000,6212.165000,6,8,2429,55
1760398555.448212,158,33.217,37.335000,6249.500000,6,8,2429,55
1760398556.448221,159,32.941,36.024000,6285.524000,7,8,2429,55
1760398557.448189,160,32.884,36.546000,6322.070000,6,8,2429,55
1760398558.448214,161,33.182,37.842000,6359.912000,7,8,2429,55
1760398559.448216,162,33.325,36.855000,6396.767000,5,7,2429,55
1760398560.448214,163,33.201,37.374000,6434.141000,7,8,2429,55
1760398561.448182,164,33.269,37.451000,6471.592000,7,8,2429,55
1760398562.448215,165,33.059,36.914000,6508.506000,7,8,2429,55
1760398563.448168,166,33.289,37.281000,6545.787000,7,8,2429,55
1760398564.448214,167,33.525,38.092000,6583.879000,7,8,2429,55
1760398565.448213,168,33.510,38.093000,6621.972000,6,8,2429,55
1760398566.448222,169,33.253,37.281000,6659.253000,6,8,2429,55
1760398567.448220,170,33.232,37.965000,6697.218000,6,8,2429,55
1760398568.448165,171,33.131,38.736000,6735.954000,6,8,2429,54
1760398569.448215,172,33.250,38.291000,6774.245000,6,8,2429,54
1760398570.448215,173,33.437,38.703000,6812.948000,6,8,2429,55
1760398571.448219,174,33.436,39.132000,6852.080000,6,8,2429,55
1760398572.448187,175,33.374,39.735000,6891.815000,6,8,2429,54
1760398573.448215,176,33.240,38.775000,6930.590000,6,8,2429,54
1760398574.448216,177,33.253,38.725000,6969.315000,6,8,2429,54
1760398575.448239,178,33.363,40.135000,7009.450000,7,8,2429,54
1760398576.448186,179,33.345,39.606000,7049.056000,6,8,2429,54
1760398577.448218,180,33.313,39.655000,7088.711000,6,8,2429,54
1760398578.448169,181,33.128,40.287000,7128.998000,6,8,2539,54
1760398579.448188,182,33.150,40.011000,7169.009000,7,8,2023,54
1760398580.448215,183,32.973,40.005000,7209.014000,6,8,2023,54
1760398581.448225,184,32.975,40.686000,7249.700000,7,8,2023,54
