ts,t_rel_s,power_w,energy_j_this_sec,energy_j_total,gpu_util_percent,mem_util_percent,mem_used_MiB,temp_c
1760326652.165530,0,11.614,0.000000,0.000000,0,0,396,54
1760326653.165501,1,11.903,15.514000,15.514000,2,1,899,54
1760326654.165506,2,28.054,35.819000,51.333000,9,10,1399,57
1760326655.165525,3,35.403,36.713000,88.046000,7,9,1399,57
1760326656.165526,4,35.885,37.543000,125.589000,9,9,1899,58
1760326657.165497,5,35.610,37.286000,162.875000,7,9,1899,58
1760326658.165500,6,35.638,37.873000,200.748000,8,9,2202,59
1760326659.165523,7,36.331,38.014000,238.762000,7,9,2399,59
1760326660.165524,8,36.031,38.594000,277.356000,8,9,2702,59
1760326661.165540,9,36.484,38.753000,316.109000,8,9,2899,60
1760326662.165516,10,36.150,38.685000,354.794000,7,9,2899,59
1760326663.165494,11,36.096,38.743000,393.537000,8,9,2899,60
1760326664.165505,12,35.934,38.507000,432.044000,7,9,2899,60
1760326665.165972,13,35.717,38.813000,470.857000,6,8,2899,60
1760326666.165524,14,35.596,39.401000,510.258000,7,9,2899,60
1760326667.165525,15,35.645,38.907000,549.165000,8,9,2899,60
1760326668.165511,16,35.489,39.119000,588.284000,6,8,2899,60
1760326669.165543,17,35.593,39.752000,628.036000,6,8,2899,61
1760326670.165545,18,35.887,39.970000,668.006000,7,9,2899,61
1760326671.165544,19,36.104,40.157000,708.163000,7,9,2899,61
1760326672.165506,20,36.059,40.652000,748.815000,6,8,2899,61
1760326673.165540,21,36.177,40.711000,789.526000,6,8,2899,61
1760326674.165547,22,36.189,41.066000,830.592000,7,9,2899,61
1760326675.165497,23,36.323,41.068000,871.660000,7,9,2899,61
1760326676.165543,24,36.324,41.338000,912.998000,7,9,2899,62
1760326677.165547,25,36.181,41.529000,954.527000,7,9,2899,61
1760326678.165545,26,36.075,41.746000,996.273000,6,8,2899,62
1760326679.165831,27,36.488,42.412000,1038.685000,7,9,2899,61
1760326680.165505,28,36.373,38.755000,1077.440000,7,9,2899,61
1760326681.165549,29,36.117,41.098000,1118.538000,6,8,2899,61
1760326682.165522,30,36.117,41.232000,1159.770000,7,8,2899,61
1760326683.165543,31,36.321,39.101000,1198.871000,7,9,2899,61
1760326684.165541,32,35.689,39.199000,1238.070000,6,8,2899,61
1760326685.165498,33,36.104,41.084000,1279.154000,8,9,2899,61
1760326686.165523,34,36.314,40.941000,1320.095000,7,8,2899,61
1760326687.165496,35,35.834,38.761000,1358.856000,6,8,2899,61
1760326688.165507,36,36.130,39.497000,1398.353000,7,9,2899,61
1760326689.165499,37,36.211,40.950000,1439.303000,7,9,2899,60
1760326690.165509,38,35.965,39.355000,1478.658000,6,8,2899,61
1760326691.165578,39,36.061,41.205000,1519.863000,7,9,2899,60
1760326692.165497,40,36.032,40.647000,1560.510000,8,9,2899,60
1760326693.165505,41,35.549,40.675000,1601.185000,6,8,2899,60
1760326694.165545,42,35.761,38.683000,1639.868000,7,9,2899,60
1760326695.165545,43,36.067,40.595000,1680.463000,8,9,2899,60
1760326696.165497,44,35.476,40.713000,1721.176000,6,8,2899,60
1760326697.165497,45,35.838,39.126000,1760.302000,7,9,2899,60
1760326698.165507,46,35.733,38.969000,1799.271000,7,8,2899,60
1760326699.165545,47,35.523,39.272000,1838.543000,8,9,2899,59
1760326700.165496,48,35.380,40.432000,1878.975000,6,8,2899,60
1760326701.165496,49,35.641,39.713000,1918.688000,7,9,2899,59
1760326702.165496,50,35.162,39.385000,1958.073000,7,9,2899,59
1760326703.165542,51,35.646,39.918000,1997.991000,7,9,2899,59
1760326704.165520,52,35.268,39.638000,2037.629000,6,8,2899,59
1760326705.165498,53,35.658,40.689000,2078.318000,7,9,2899,59
1760326706.165497,54,35.748,40.057000,2118.375000,7,8,2899,59
1760326707.165860,55,35.211,40.026000,2158.401000,6,8,2899,59
1760326708.165493,56,35.412,40.240000,2198.641000,7,9,2899,59
1760326709.165498,57,35.669,40.580000,2239.221000,8,9,2899,59
1760326710.165493,58,35.403,40.471000,2279.692000,8,9,2899,59
1760326711.165509,59,35.371,40.661000,2320.353000,6,8,2899,59
1760326712.165497,60,35.079,40.730000,2361.083000,7,9,2899,58
1760326713.165543,61,35.015,40.828000,2401.911000,6,8,2899,58
1760326714.165494,62,35.113,41.421000,2443.332000,7,9,2899,58
1760326715.165543,63,34.903,40.230000,2483.562000,6,8,2899,58
1760326716.165511,64,34.923,41.186000,2524.748000,7,9,2899,58
1760326717.165496,65,35.207,41.552000,2566.300000,7,8,2899,58
1760326718.165502,66,35.284,41.724000,2608.024000,7,9,2899,58
1760326719.165544,67,35.323,42.047000,2650.071000,7,9,2899,58
1760326720.165543,68,35.381,42.948000,2693.019000,7,9,2899,58
1760326721.165498,69,35.675,42.407000,2735.426000,7,8,2899,58
1760326722.165547,70,35.145,42.013000,2777.439000,6,8,2899,58
1760326723.165493,71,35.514,43.243000,2820.682000,8,9,2899,58
1760326724.165549,72,35.472,42.727000,2863.409000,7,8,2899,58
1760326725.165546,73,35.216,43.254000,2906.663000,6,8,2899,58
1760326726.165497,74,35.216,42.815000,2949.478000,8,9,3009,58
1760326727.165504,75,35.188,43.721000,2993.199000,7,8,2399,58
1760326728.165497,76,35.319,43.470000,3036.669000,6,8,2399,58
1760326729.165498,77,35.225,43.631000,3080.300000,6,8,2651,57
1760326730.165520,78,35.903,44.644000,3124.944000,6,8,3009,58
1760326731.165497,79,35.434,44.455000,3169.399000,7,8,2850,58
1760326732.165493,80,35.448,44.130000,3213.529000,6,8,2399,58
1760326733.165500,81,35.121,44.226000,3257.755000,6,8,2399,58
1760326734.165499,82,34.646,44.161000,3301.916000,6,8,2509,58
1760326735.165525,83,34.918,44.556000,3346.472000,11,9,1899,58
1760326736.165525,84,34.938,43.876000,3390.348000,6,8,1899,58
1760326737.165538,85,33.684,43.562000,3433.910000,6,8,1899,58
1760326738.165491,86,35.304,45.687000,3479.597000,6,8,2399,58
1760326739.165508,87,34.999,45.252000,3524.849000,6,8,2399,58
1760326740.165503,88,35.108,45.927000,3570.776000,6,8,2627,58
1760326741.165505,89,35.805,46.514000,3617.290000,7,8,2899,58
1760326742.165498,90,35.602,46.365000,3663.655000,6,8,2899,58
1760326743.165511,91,35.427,45.496000,3709.151000,7,8,2899,58
1760326744.165499,92,34.595,37.597000,3746.748000,7,9,2899,58
1760326745.165498,93,35.179,37.746000,3784.494000,7,8,2899,58
1760326746.165495,94,34.420,36.244000,3820.738000,7,9,2899,57
1760326747.165493,95,33.453,36.797000,3857.535000,6,8,2899,58
1760326748.165497,96,33.907,36.937000,3894.472000,6,8,2899,58
1760326749.165493,97,33.462,36.176000,3930.648000,8,9,2899,57
1760326750.165497,98,34.922,37.509000,3968.157000,7,9,2899,57
1760326751.165505,99,34.654,37.375000,4005.532000,6,8,2899,57
1760326752.165493,100,34.733,37.726000,4043.258000,7,8,2899,57
1760326753.165514,101,35.052,37.716000,4080.974000,6,8,2899,57
1760326754.165520,102,34.862,37.394000,4118.368000,8,9,2899,57
1760326755.165498,103,34.727,37.396000,4155.764000,7,9,2899,57
1760326756.165493,104,34.710,37.677000,4193.441000,7,9,2899,57
1760326757.165508,105,34.300,36.021000,4229.462000,7,10,2899,57
1760326758.165511,106,33.722,37.406000,4266.868000,7,9,2899,57
1760326759.165496,107,34.927,38.035000,4304.903000,7,9,2899,57
1760326760.165496,108,34.795,37.727000,4342.630000,8,9,2899,57
1760326761.165494,109,34.475,37.835000,4380.465000,7,9,2899,57
1760326762.165518,110,34.239,37.985000,4418.450000,7,9,2899,57
1760326763.165548,111,35.009,38.933000,4457.383000,7,9,2899,57
1760326764.165494,112,34.838,38.228000,4495.611000,6,8,2899,57
1760326765.165519,113,33.432,37.328000,4532.939000,8,9,2899,56
1760326766.165544,114,34.839,38.935000,4571.874000,6,8,2899,57
1760326767.165545,115,34.913,39.208000,4611.082000,7,8,2899,57
1760326768.165549,116,34.763,38.991000,4650.073000,5,7,2899,57
1760326769.165495,117,34.666,39.302000,4689.375000,7,8,2899,56
1760326770.165505,118,34.593,39.342000,4728.717000,6,8,2899,56
1760326771.165498,119,34.302,39.388000,4768.105000,6,8,2899,56
1760326772.165495,120,34.782,39.780000,4807.885000,7,8,2899,56
1760326773.165540,121,33.791,38.564000,4846.449000,7,9,2899,56
1760326774.165546,122,33.654,39.011000,4885.460000,8,9,2899,56
1760326775.165544,123,33.643,39.839000,4925.299000,8,9,2899,56
1760326776.165554,124,33.547,38.965000,4964.264000,7,10,2899,56
1760326777.165546,125,33.810,40.420000,5004.684000,7,8,2899,56
1760326778.165544,126,33.353,39.078000,5043.762000,6,9,2899,56
1760326779.165499,127,33.781,40.699000,5084.461000,7,8,2899,56
1760326780.165543,128,34.531,40.643000,5125.104000,7,8,2899,56
1760326781.165535,129,33.410,40.215000,5165.319000,6,8,2899,56
1760326782.165526,130,34.009,40.866000,5206.185000,5,7,2899,56
1760326783.165546,131,34.544,41.506000,5247.691000,7,8,2899,56
1760326784.165545,132,34.305,40.881000,5288.572000,7,9,2899,56
1760326785.165547,133,33.344,41.164000,5329.736000,7,9,2899,56
1760326786.165517,134,33.871,40.658000,5370.394000,6,8,2899,55
1760326787.165544,135,33.320,41.767000,5412.161000,6,8,2899,56
1760326788.165545,136,34.106,41.480000,5453.641000,6,8,2899,56
1760326789.165544,137,32.760,41.414000,5495.055000,5,7,2899,55
1760326790.165526,138,34.553,42.779000,5537.834000,7,8,2899,56
1760326791.165544,139,34.393,42.448000,5580.282000,7,8,2899,55
1760326792.165543,140,32.952,41.717000,5621.999000,7,8,2899,56
1760326793.165517,141,34.339,43.029000,5665.028000,6,7,2899,56
1760326794.165546,142,34.174,43.029000,5708.057000,7,9,2899,55
1760326795.165544,143,34.221,43.354000,5751.411000,7,9,2899,55
1760326796.165544,144,34.364,43.703000,5795.114000,6,7,2899,55
1760326797.165540,145,32.910,42.342000,5837.456000,5,7,2899,55
1760326798.165545,146,33.833,43.561000,5881.017000,7,8,2899,55
1760326799.166061,147,34.554,44.404000,5925.421000,8,9,2899,55
1760326800.165515,148,34.165,44.525000,5969.946000,6,8,2899,55
1760326801.165551,149,34.153,44.225000,6014.171000,6,8,2899,55
1760326802.165540,150,34.514,45.031000,6059.202000,7,9,2899,55
1760326803.165496,151,34.409,45.498000,6104.700000,6,8,2899,55
1760326804.165514,152,34.456,45.465000,6150.165000,6,7,2899,55
1760326805.165544,153,34.421,45.530000,6195.695000,7,9,2899,55
1760326806.165544,154,34.515,45.749000,6241.444000,7,8,2899,55
1760326807.165544,155,34.322,36.667000,6278.111000,6,8,2899,55
1760326808.165545,156,32.803,35.455000,6313.566000,6,8,2899,55
1760326809.165546,157,34.120,37.371000,6350.937000,7,9,2899,55
1760326810.165546,158,34.562,36.953000,6387.890000,6,8,3009,55
1760326811.165498,159,32.941,35.833000,6423.723000,7,8,2652,55
1760326812.165544,160,34.428,37.448000,6461.171000,7,9,2399,55
1760326813.165502,161,34.673,37.450000,6498.621000,7,8,2399,55
1760326814.165491,162,34.243,36.850000,6535.471000,6,8,2399,55
1760326815.165493,163,33.730,36.088000,6571.559000,11,10,2899,55
1760326816.165543,164,33.179,35.432000,6606.991000,8,10,2899,55
1760326817.165520,165,33.576,36.931000,6643.922000,6,8,2899,55
1760326818.165527,166,33.514,36.449000,6680.371000,6,8,2899,55
1760326819.165529,167,33.778,35.912000,6716.283000,7,9,2899,55
1760326820.165496,168,33.612,36.953000,6753.236000,7,8,2899,55
1760326821.165496,169,33.367,36.023000,6789.259000,6,8,2899,55
1760326822.165507,170,34.135,36.801000,6826.060000,7,8,2899,55
1760326823.165494,171,33.913,36.944000,6863.004000,6,8,2899,55
1760326824.165529,172,32.769,36.060000,6899.064000,7,9,2899,55
1760326825.165509,173,33.858,37.717000,6936.781000,6,8,2899,55
1760326826.165520,174,33.864,37.431000,6974.212000,6,8,2899,55
1760326827.165507,175,34.140,38.037000,7012.249000,6,8,2899,55
1760326828.165494,176,34.179,37.756000,7050.005000,6,8,2899,55
1760326829.165496,177,32.712,36.486000,7086.491000,7,9,2899,54
1760326830.165580,178,33.752,38.057000,7124.548000,7,8,2899,55
1760326831.165496,179,34.113,38.274000,7162.822000,6,8,2899,55
1760326832.165545,180,33.905,38.132000,7200.954000,6,8,2899,55
1760326833.165545,181,32.542,37.410000,7238.364000,7,8,2899,54
1760326834.165540,182,33.113,37.536000,7275.900000,5,8,2899,54
1760326835.165546,183,33.135,38.706000,7314.606000,6,8,2899,54
1760326836.165524,184,34.073,38.778000,7353.384000,6,8,2899,55
