ts,t_rel_s,power_w,energy_j_this_sec,energy_j_total,gpu_util_percent,mem_util_percent,mem_used_MiB,temp_c
1760319314.564380,0,11.630,0.000000,0.000000,3,0,688,53
1760319315.564365,1,24.681,33.186000,33.186000,7,9,1399,55
1760319316.564349,2,35.107,39.748000,72.934000,7,9,1899,56
1760319317.564389,3,35.232,39.680000,112.614000,7,8,2399,56
1760319318.564368,4,34.853,39.764000,152.378000,11,8,2622,57
1760319319.564339,5,35.416,40.045000,192.423000,6,8,2899,57
1760319320.564339,6,35.318,40.460000,232.883000,6,8,2899,57
1760319321.564386,7,35.667,40.942000,273.825000,7,8,2899,57
1760319322.564352,8,35.535,41.080000,314.905000,7,9,2899,58
1760319323.564386,9,35.662,41.217000,356.122000,7,9,2899,58
1760319324.564341,10,35.740,41.467000,397.589000,7,9,2899,58
1760319325.564340,11,35.517,41.324000,438.913000,7,9,2899,58
1760319326.564351,12,35.429,41.335000,480.248000,7,8,2899,58
1760319327.564388,13,35.351,38.106000,518.354000,7,9,2899,58
1760319328.564388,14,35.464,38.211000,556.565000,6,8,2899,59
1760319329.564383,15,35.547,39.680000,596.245000,7,9,2899,59
1760319330.564342,16,35.947,38.686000,634.931000,6,8,2899,59
1760319331.564392,17,36.280,39.013000,673.944000,8,9,2899,59
1760319332.564362,18,35.999,38.638000,712.582000,8,9,2899,59
1760319333.564387,19,35.699,38.407000,750.989000,7,9,2899,59
1760319334.564394,20,36.029,38.798000,789.787000,7,8,2899,60
1760319335.564388,21,36.118,38.837000,828.624000,7,8,2899,59
1760319336.564392,22,35.936,38.615000,867.239000,7,8,2899,60
1760319337.564390,23,36.000,38.856000,906.095000,7,8,2899,60
1760319338.564391,24,35.943,38.629000,944.724000,7,9,2899,60
1760319339.564388,25,36.323,40.596000,985.320000,7,9,2899,60
1760319340.564339,26,36.551,39.238000,1024.558000,7,9,2899,60
1760319341.564389,27,36.235,38.912000,1063.470000,6,8,2899,61
1760319342.564389,28,35.948,38.925000,1102.395000,8,9,2899,61
1760319343.564361,29,36.520,39.586000,1141.981000,7,9,2899,61
1760319344.564392,30,36.442,39.731000,1181.712000,6,8,2899,61
1760319345.564354,31,36.325,39.860000,1221.572000,8,9,2899,61
1760319346.564390,32,36.649,40.325000,1261.897000,7,9,2899,61
1760319347.564362,33,36.866,40.395000,1302.292000,7,9,2899,61
1760319348.564393,34,36.889,40.524000,1342.816000,8,9,2899,61
1760319349.564388,35,36.870,40.988000,1383.804000,7,8,2899,62
1760319350.564393,36,37.068,41.329000,1425.133000,7,9,2899,62
1760319351.564396,37,36.503,40.645000,1465.778000,6,8,2899,62
1760319352.564388,38,36.868,41.429000,1507.207000,7,9,2899,62
1760319353.564362,39,36.560,41.054000,1548.261000,6,8,2899,62
1760319354.564390,40,36.923,41.591000,1589.852000,7,9,2899,62
1760319355.564353,41,37.067,41.990000,1631.842000,7,9,2899,61
1760319356.564342,42,36.968,42.075000,1673.917000,6,8,2899,61
1760319357.564353,43,36.933,42.007000,1715.924000,8,9,2899,61
1760319358.564342,44,36.753,42.150000,1758.074000,7,9,2899,61
1760319359.564386,45,36.619,41.943000,1800.017000,7,8,2899,61
1760319360.564360,46,36.312,42.224000,1842.241000,5,7,2899,61
1760319361.564390,47,36.507,42.361000,1884.602000,7,9,2899,61
1760319362.564386,48,36.185,42.043000,1926.645000,6,8,2899,61
1760319363.564359,49,36.584,42.849000,1969.494000,7,9,2899,61
1760319364.564384,50,36.171,42.559000,2012.053000,7,8,2899,61
1760319365.564387,51,36.260,42.977000,2055.030000,8,9,2899,60
1760319366.564345,52,36.592,43.292000,2098.322000,7,8,2899,61
1760319367.564355,53,36.331,43.030000,2141.352000,8,9,2899,60
1760319368.564366,54,36.183,43.423000,2184.775000,7,8,2899,60
1760319369.564388,55,36.393,43.852000,2228.627000,7,9,2899,60
1760319370.564348,56,36.464,43.879000,2272.506000,7,8,2899,60
1760319371.564389,57,36.265,43.993000,2316.499000,6,8,2899,60
1760319372.564360,58,36.480,44.578000,2361.077000,7,9,2899,60
1760319373.564388,59,35.939,43.724000,2404.801000,7,8,2899,60
1760319374.564346,60,35.927,44.275000,2449.076000,7,8,2899,60
1760319375.564361,61,36.397,44.661000,2493.737000,7,8,2899,60
1760319376.564388,62,36.056,44.386000,2538.123000,6,8,2899,60
1760319377.564386,63,36.001,44.752000,2582.875000,7,9,2899,59
1760319378.564389,64,35.974,44.919000,2627.794000,6,8,2899,59
1760319379.564389,65,36.320,45.372000,2673.166000,6,8,2899,59
1760319380.564353,66,36.218,45.512000,2718.678000,6,8,2899,59
1760319381.564362,67,36.633,45.889000,2764.567000,8,9,2899,59
1760319382.564386,68,36.224,45.720000,2810.287000,7,8,2899,59
1760319383.564390,69,36.159,45.937000,2856.224000,7,9,2899,59
1760319384.564391,70,36.208,46.071000,2902.295000,7,9,2899,59
1760319385.564388,71,35.798,45.959000,2948.254000,7,9,2899,59
1760319386.564389,72,35.963,46.282000,2994.536000,6,8,2899,59
1760319387.564391,73,35.584,46.097000,3040.633000,7,9,2899,59
1760319388.564388,74,36.249,46.912000,3087.545000,6,8,2899,59
1760319389.564388,75,36.140,46.748000,3134.293000,7,9,2899,58
1760319390.564390,76,36.062,46.831000,3181.124000,7,9,2899,58
1760319391.564389,77,35.830,38.573000,3219.697000,7,9,2899,58
1760319392.564355,78,35.763,38.674000,3258.371000,7,9,2899,58
1760319393.564343,79,35.814,38.539000,3296.910000,7,8,2899,58
1760319394.564362,80,35.734,38.565000,3335.475000,7,9,3003,58
1760319395.564337,81,35.483,38.146000,3373.621000,7,8,2944,58
1760319396.564359,82,35.770,38.526000,3412.147000,7,8,2399,58
1760319397.564343,83,35.808,38.659000,3450.806000,7,9,2509,58
1760319398.564361,84,35.301,37.757000,3488.563000,7,8,2437,58
1760319399.564390,85,35.229,38.239000,3526.802000,6,7,1899,58
1760319400.564371,86,34.927,37.869000,3564.671000,6,8,1940,58
1760319401.564345,87,36.084,38.865000,3603.536000,8,10,2724,58
1760319402.564360,88,35.571,38.207000,3641.743000,6,8,2899,58
1760319403.564387,89,35.113,37.939000,3679.682000,8,9,2899,58
1760319404.564351,90,35.713,38.367000,3718.049000,6,8,2899,58
1760319405.564386,91,35.496,38.292000,3756.341000,7,9,2899,58
1760319406.564358,92,34.889,37.574000,3793.915000,7,8,2899,58
1760319407.564388,93,34.895,38.077000,3831.992000,6,8,2899,58
1760319408.564390,94,35.319,38.739000,3870.731000,6,8,2899,58
1760319409.564388,95,34.351,37.949000,3908.680000,7,8,2899,58
1760319410.564408,96,34.476,38.163000,3946.843000,7,8,2899,58
1760319411.564360,97,34.604,38.053000,3984.896000,6,8,2899,57
1760319412.564351,98,34.699,38.720000,4023.616000,7,9,2899,57
1760319413.564349,99,35.139,38.856000,4062.472000,6,8,2899,58
1760319414.564385,100,34.778,39.038000,4101.510000,7,8,2899,57
1760319415.564338,101,35.278,39.387000,4140.897000,6,8,2899,57
1760319416.564337,102,35.060,39.539000,4180.436000,7,9,2899,57
1760319417.564354,103,34.867,39.378000,4219.814000,6,8,2899,57
1760319418.564390,104,34.971,39.879000,4259.693000,8,9,2899,57
1760319419.564352,105,35.120,40.131000,4299.824000,7,8,2899,57
1760319420.564362,106,34.714,39.682000,4339.506000,4,7,2899,57
1760319421.564341,107,34.586,39.877000,4379.383000,7,8,2899,57
1760319422.564342,108,34.667,40.092000,4419.475000,6,8,2899,57
1760319423.564340,109,34.994,40.519000,4459.994000,8,9,2899,57
1760319424.564662,110,34.345,39.970000,4499.964000,6,8,2899,57
1760319425.564342,111,34.017,40.333000,4540.297000,6,8,2899,57
1760319426.564363,112,34.623,40.776000,4581.073000,8,9,2899,57
1760319427.564339,113,34.465,40.761000,4621.834000,5,7,2899,57
1760319428.564343,114,34.227,40.661000,4662.495000,5,7,2899,57
1760319429.564393,115,34.525,41.319000,4703.814000,7,8,2899,57
1760319430.564386,116,34.281,41.048000,4744.862000,6,8,2899,57
1760319431.564395,117,34.374,41.288000,4786.150000,7,8,2899,57
1760319432.564353,118,34.636,41.962000,4828.112000,7,8,2899,57
1760319433.564391,119,34.435,41.793000,4869.905000,5,7,2899,57
1760319434.564391,120,34.522,42.082000,4911.987000,7,9,2899,56
1760319435.564389,121,34.592,42.266000,4954.253000,6,8,2899,56
1760319436.564391,122,33.870,41.502000,4995.755000,6,8,2899,56
1760319437.564343,123,33.607,42.016000,5037.771000,7,9,2899,56
1760319438.564393,124,34.616,42.764000,5080.535000,7,8,2899,56
1760319439.564386,125,34.912,43.489000,5124.024000,7,9,2899,56
1760319440.564390,126,34.258,42.515000,5166.539000,7,8,2899,56
1760319441.564387,127,32.963,41.840000,5208.379000,7,8,2899,56
1760319442.564339,128,33.247,42.223000,5250.602000,8,9,2899,56
1760319443.564391,129,34.883,43.845000,5294.447000,7,8,2899,56
1760319444.564366,130,34.773,44.306000,5338.753000,8,9,2899,56
1760319445.564352,131,35.006,44.259000,5383.012000,6,8,2899,56
1760319446.564344,132,34.513,44.062000,5427.074000,6,8,2899,56
1760319447.564343,133,34.425,44.247000,5471.321000,7,9,2899,56
1760319448.564419,134,34.448,44.870000,5516.191000,7,8,2899,56
1760319449.564362,135,34.366,44.801000,5560.992000,7,8,2899,56
1760319450.564344,136,34.823,45.155000,5606.147000,6,8,2899,56
1760319451.564389,137,34.062,44.112000,5650.259000,5,8,2899,56
1760319452.564390,138,33.197,44.199000,5694.458000,7,8,2899,56
1760319453.564389,139,32.985,43.915000,5738.373000,6,8,2899,56
1760319454.564388,140,34.132,45.335000,5783.708000,7,8,2899,56
1760319455.564390,141,34.413,37.045000,5820.753000,5,7,2899,56
1760319456.564391,142,34.338,37.098000,5857.851000,7,8,2899,56
1760319457.564361,143,33.751,36.626000,5894.477000,7,9,2899,55
1760319458.564353,144,34.213,37.148000,5931.625000,7,9,2899,56
1760319459.564342,145,34.344,36.867000,5968.492000,6,8,2899,56
1760319460.564389,146,33.038,35.709000,6004.201000,6,8,2899,55
1760319461.564393,147,33.243,36.081000,6040.282000,6,8,2899,56
1760319462.564390,148,34.681,37.463000,6077.745000,7,8,2899,55
1760319463.564343,149,34.593,37.356000,6115.101000,6,8,2899,56
1760319464.564364,150,34.521,37.425000,6152.526000,7,9,2899,55
1760319465.564394,151,34.563,37.217000,6189.743000,6,8,2899,56
1760319466.564342,152,34.813,37.825000,6227.568000,7,8,2899,55
1760319467.564391,153,34.335,36.816000,6264.384000,7,8,2899,55
1760319468.564342,154,33.502,36.323000,6300.707000,6,8,2899,55
1760319469.564389,155,35.012,37.654000,6338.361000,8,9,2899,55
1760319470.564391,156,34.205,37.021000,6375.382000,7,8,2899,55
1760319471.564341,157,34.356,37.411000,6412.793000,7,9,2899,55
1760319472.564390,158,34.388,37.579000,6450.372000,8,9,2899,55
1760319473.564341,159,34.956,38.520000,6488.892000,7,9,2899,55
1760319474.564392,160,34.585,38.077000,6526.969000,6,8,2899,55
1760319475.564346,161,34.748,38.678000,6565.647000,7,9,2899,55
1760319476.564389,162,34.495,38.092000,6603.739000,6,8,2899,55
1760319477.564359,163,34.518,38.507000,6642.246000,7,8,2899,55
1760319478.564363,164,34.374,38.322000,6680.568000,7,8,2899,55
1760319479.564390,165,34.315,38.306000,6718.874000,5,7,2899,55
1760319480.564388,166,34.057,38.463000,6757.337000,5,7,2899,55
1760319481.564343,167,33.177,37.792000,6795.129000,7,8,2899,55
1760319482.564353,168,34.197,39.055000,6834.184000,7,7,2899,55
1760319483.564357,169,34.369,39.255000,6873.439000,6,8,2899,55
1760319484.564390,170,34.488,39.613000,6913.052000,7,9,2899,55
1760319485.564354,171,34.234,39.577000,6952.629000,7,9,2899,55
1760319486.564389,172,34.257,39.640000,6992.269000,6,8,2899,55
1760319487.564342,173,34.247,39.749000,7032.018000,6,7,2899,55
1760319488.564342,174,34.400,40.208000,7072.226000,7,8,2899,55
1760319489.564385,175,34.127,39.829000,7112.055000,7,8,2899,55
1760319490.564384,176,32.968,39.119000,7151.174000,7,9,2899,55
1760319491.564385,177,34.052,40.241000,7191.415000,6,8,2899,55
1760319492.564388,178,34.097,40.545000,7231.960000,6,8,2899,55
1760319493.564338,179,33.985,40.217000,7272.177000,7,9,2899,54
1760319494.564342,180,32.785,40.070000,7312.247000,7,8,2899,55
1760319495.564341,181,33.551,40.453000,7352.700000,6,8,2899,55
1760319496.564350,182,33.578,40.443000,7393.143000,6,8,2899,55
1760319497.564362,183,32.902,40.602000,7433.745000,5,7,2899,55
1760319498.564394,184,33.782,41.491000,7475.236000,8,9,2899,54
